  #     beta     phi_d     phi_m   phi_m_small     phi_m_smoomth_x     phi_m_smoomth_y     phi_m_smoomth_z      phi
   1 4.7949e-02 1.3170e+05 3.1759e+05 4.7575e+02 1.2988e+05 1.1336e+05  7.3875e+04  1.4126e+08
   2 2.3975e-02 7.3076e+03 1.9455e+05 5.5812e+02 8.4800e+04 6.0279e+04  4.8913e+04  1.4693e+05
   3 1.1987e-02 4.8073e+03 1.7109e+05 5.8268e+02 7.2773e+04 5.5816e+04  4.1915e+04  1.1972e+04
   4 5.9936e-03 3.9057e+03 1.5499e+05 5.9996e+02 6.7523e+04 5.0403e+04  3.6459e+04  6.8582e+03
   5 2.9968e-03 3.1448e+03 1.7479e+05 6.1087e+02 7.6680e+04 6.0726e+04  3.6776e+04  4.8346e+03
   6 1.4984e-03 2.9344e+03 2.0813e+05 6.1938e+02 9.2950e+04 7.3995e+04  4.0565e+04  3.6686e+03
   7 7.4921e-04 2.4955e+03 2.4128e+05 6.2433e+02 1.0775e+05 9.0281e+04  4.2624e+04  3.2463e+03
   8 3.7460e-04 2.3325e+03 2.6652e+05 6.2753e+02 1.2089e+05 1.0005e+05  4.4949e+04  2.6763e+03
   9 1.8730e-04 2.2967e+03 2.9031e+05 6.2940e+02 1.3244e+05 1.1056e+05  4.6674e+04  2.4323e+03
  10 9.3651e-05 2.2693e+03 3.0582e+05 6.3057e+02 1.3999e+05 1.1753e+05  4.7670e+04  2.3510e+03
  11 4.6825e-05 2.2468e+03 3.2166e+05 6.3179e+02 1.4777e+05 1.2470e+05  4.8553e+04  2.2980e+03
  12 2.3413e-05 2.2381e+03 3.3367e+05 6.3278e+02 1.5389e+05 1.3002e+05  4.9126e+04  2.2618e+03
  13 1.1706e-05 2.2149e+03 3.4687e+05 6.3397e+02 1.6069e+05 1.3590e+05  4.9652e+04  2.2460e+03
  14 5.8532e-06 2.2010e+03 3.7046e+05 6.3619e+02 1.7279e+05 1.4654e+05  5.0491e+04  2.2189e+03
  15 2.9266e-06 2.1806e+03 3.8608e+05 6.3771e+02 1.8077e+05 1.5367e+05  5.0996e+04  2.2032e+03
  16 1.4633e-06 2.1621e+03 4.0297e+05 6.3937e+02 1.8935e+05 1.6145e+05  5.1526e+04  2.1817e+03
  17 7.3165e-07 2.0277e+03 5.9621e+05 6.5302e+02 2.8746e+05 2.5054e+05  5.7562e+04  2.1626e+03
  18 3.6582e-07 1.8558e+03 7.3172e+05 6.6170e+02 3.6014e+05 3.0997e+05  6.0952e+04  2.0281e+03
  19 1.8291e-07 1.8558e+03 7.3172e+05 6.6170e+02 3.6014e+05 3.0997e+05  6.0953e+04  1.8561e+03
  20 9.1456e-08 1.8432e+03 7.3232e+05 6.6115e+02 3.6048e+05 3.1016e+05  6.1019e+04  1.8560e+03
  21 4.5728e-08 1.8425e+03 7.3275e+05 6.6120e+02 3.6069e+05 3.1033e+05  6.1064e+04  1.8433e+03
  22 2.2864e-08 1.8002e+03 7.3408e+05 6.6159e+02 3.6137e+05 3.1090e+05  6.1142e+04  1.8425e+03
  23 1.1432e-08 1.7435e+03 7.3534e+05 6.6248e+02 3.6198e+05 3.1059e+05  6.2108e+04  1.8002e+03
  24 5.7160e-09 1.7432e+03 7.3539e+05 6.6250e+02 3.6200e+05 3.1061e+05  6.2117e+04  1.7435e+03
  25 2.8580e-09 1.7425e+03 7.3590e+05 6.6253e+02 3.6225e+05 3.1082e+05  6.2173e+04  1.7432e+03
  26 1.4290e-09 1.7424e+03 7.3598e+05 6.6254e+02 3.6229e+05 3.1084e+05  6.2189e+04  1.7425e+03
  27 7.1450e-10 1.7393e+03 7.3753e+05 6.6281e+02 3.6312e+05 3.1136e+05  6.2375e+04  1.7424e+03
  28 3.5725e-10 1.7117e+03 7.3797e+05 6.6386e+02 3.6379e+05 3.0981e+05  6.3696e+04  1.7393e+03
  29 1.7862e-10 1.7116e+03 7.3799e+05 6.6387e+02 3.6381e+05 3.0982e+05  6.3701e+04  1.7117e+03
  30 8.9312e-11 1.7114e+03 7.3835e+05 6.6388e+02 3.6398e+05 3.0997e+05  6.3741e+04  1.7116e+03
  31 4.4656e-11 1.7114e+03 7.3841e+05 6.6389e+02 3.6400e+05 3.0999e+05  6.3752e+04  1.7114e+03
  32 2.2328e-11 1.7102e+03 7.3902e+05 6.6398e+02 3.6432e+05 3.1022e+05  6.3819e+04  1.7114e+03
  33 1.1164e-11 1.7015e+03 7.4162e+05 6.6447e+02 3.6584e+05 3.1043e+05  6.4681e+04  1.7102e+03
  34 5.5820e-12 1.7015e+03 7.4162e+05 6.6447e+02 3.6584e+05 3.1043e+05  6.4681e+04  1.7015e+03
  35 2.7910e-12 1.7015e+03 7.4165e+05 6.6448e+02 3.6586e+05 3.1045e+05  6.4685e+04  1.7015e+03
  36 1.3955e-12 1.7015e+03 7.4166e+05 6.6448e+02 3.6586e+05 3.1045e+05  6.4687e+04  1.7015e+03
  37 6.9775e-13 1.7003e+03 7.4208e+05 6.6455e+02 3.6610e+05 3.1058e+05  6.4731e+04  1.7015e+03
  38 3.4888e-13 1.6784e+03 7.5375e+05 6.6604e+02 3.7283e+05 3.1315e+05  6.7106e+04  1.7003e+03
  39 1.7444e-13 1.6784e+03 7.5375e+05 6.6604e+02 3.7283e+05 3.1315e+05  6.7106e+04  1.6784e+03
  40 8.7219e-14 1.6780e+03 7.5467e+05 6.6603e+02 3.7331e+05 3.1351e+05  6.7186e+04  1.6784e+03
  41 4.3610e-14 1.6779e+03 7.5531e+05 6.6607e+02 3.7366e+05 3.1372e+05  6.7269e+04  1.6780e+03
  42 2.1805e-14 1.6771e+03 7.5596e+05 6.6617e+02 3.7403e+05 3.1395e+05  6.7320e+04  1.6779e+03
  43 1.0902e-14 1.6761e+03 7.9176e+05 6.6821e+02 3.9443e+05 3.2579e+05  7.0865e+04  1.6771e+03
  44 5.4512e-15 1.6691e+03 7.9360e+05 6.6795e+02 3.9534e+05 3.2653e+05  7.1056e+04  1.6761e+03
  45 2.7256e-15 1.6691e+03 7.9361e+05 6.6795e+02 3.9535e+05 3.2654e+05  7.1057e+04  1.6691e+03
  46 1.3628e-15 1.6689e+03 7.9751e+05 6.6792e+02 3.9728e+05 3.2823e+05  7.1331e+04  1.6691e+03
  47 6.8140e-16 1.6683e+03 8.0519e+05 6.6830e+02 4.0153e+05 3.3108e+05  7.1924e+04  1.6689e+03
  48 3.4070e-16 1.6669e+03 8.0568e+05 6.6836e+02 4.0181e+05 3.3125e+05  7.1950e+04  1.6683e+03
  49 1.7035e-16 1.6607e+03 8.1517e+05 6.6873e+02 4.0736e+05 3.3446e+05  7.2676e+04  1.6669e+03
  50 8.5175e-17 1.6604e+03 8.1530e+05 6.6872e+02 4.0743e+05 3.3451e+05  7.2692e+04  1.6607e+03
