8.5365e+05 9.8757e+05 2.2539e+03 -7.6442e+00
8.5371e+05 9.8757e+05 2.3032e+03 -8.0756e+00
8.5378e+05 9.8757e+05 2.3361e+03 -8.8117e+00
8.5384e+05 9.8757e+05 2.3746e+03 -9.9061e+00
8.5391e+05 9.8757e+05 2.4174e+03 -1.1393e+01
8.5397e+05 9.8757e+05 2.4658e+03 -1.1104e+01
8.5404e+05 9.8757e+05 2.5002e+03 -1.0943e+01
8.5410e+05 9.8757e+05 2.5306e+03 -1.1197e+01
8.5417e+05 9.8757e+05 2.5890e+03 -1.2240e+01
8.5423e+05 9.8757e+05 2.6359e+03 -1.3014e+01
8.5430e+05 9.8757e+05 2.6815e+03 -1.2354e+01
8.5436e+05 9.8757e+05 2.7076e+03 -1.2204e+01
8.5443e+05 9.8757e+05 2.6996e+03 -1.2481e+01
8.5449e+05 9.8757e+05 2.6808e+03 -1.2796e+01
8.5456e+05 9.8757e+05 2.6583e+03 -1.3267e+01
8.5462e+05 9.8757e+05 2.6333e+03 -1.3891e+01
8.5469e+05 9.8757e+05 2.6115e+03 -1.3722e+01
8.5475e+05 9.8757e+05 2.5919e+03 -1.3190e+01
8.5482e+05 9.8757e+05 2.5892e+03 -1.3026e+01
8.5488e+05 9.8757e+05 2.5953e+03 -1.2972e+01
8.5495e+05 9.8757e+05 2.5768e+03 -1.2268e+01
8.5501e+05 9.8757e+05 2.5353e+03 -1.1510e+01
8.5508e+05 9.8757e+05 2.4965e+03 -1.1303e+01
8.5514e+05 9.8757e+05 2.4612e+03 -1.1484e+01
8.5521e+05 9.8757e+05 2.4560e+03 -1.1380e+01
8.5527e+05 9.8757e+05 2.4583e+03 -1.0978e+01
8.5534e+05 9.8757e+05 2.4628e+03 -1.0453e+01
8.5540e+05 9.8757e+05 2.4770e+03 -9.6346e+00
8.5547e+05 9.8757e+05 2.4959e+03 -8.6005e+00
8.5553e+05 9.8757e+05 2.5377e+03 -7.5167e+00
8.5365e+05 9.8764e+05 2.2537e+03 -8.4209e+00
8.5371e+05 9.8764e+05 2.3046e+03 -8.8070e+00
8.5378e+05 9.8764e+05 2.3462e+03 -9.8502e+00
8.5384e+05 9.8764e+05 2.3868e+03 -1.1282e+01
8.5391e+05 9.8764e+05 2.4192e+03 -1.2725e+01
8.5397e+05 9.8764e+05 2.4739e+03 -1.2192e+01
8.5404e+05 9.8764e+05 2.5100e+03 -1.2012e+01
8.5410e+05 9.8764e+05 2.5517e+03 -1.2416e+01
8.5417e+05 9.8764e+05 2.5972e+03 -1.3641e+01
8.5423e+05 9.8764e+05 2.6431e+03 -1.4179e+01
8.5430e+05 9.8764e+05 2.7075e+03 -1.3135e+01
8.5436e+05 9.8764e+05 2.7420e+03 -1.2998e+01
8.5443e+05 9.8764e+05 2.7374e+03 -1.3205e+01
8.5449e+05 9.8764e+05 2.7136e+03 -1.3503e+01
8.5456e+05 9.8764e+05 2.6795e+03 -1.4166e+01
8.5462e+05 9.8764e+05 2.6535e+03 -1.4839e+01
8.5469e+05 9.8764e+05 2.6257e+03 -1.5586e+01
8.5475e+05 9.8764e+05 2.6019e+03 -1.4883e+01
8.5482e+05 9.8764e+05 2.5960e+03 -1.4618e+01
8.5488e+05 9.8764e+05 2.5970e+03 -1.4423e+01
8.5495e+05 9.8764e+05 2.5816e+03 -1.3726e+01
8.5501e+05 9.8764e+05 2.5414e+03 -1.2701e+01
8.5508e+05 9.8764e+05 2.5018e+03 -1.2383e+01
8.5514e+05 9.8764e+05 2.4705e+03 -1.2592e+01
8.5521e+05 9.8764e+05 2.4766e+03 -1.2252e+01
8.5527e+05 9.8764e+05 2.4925e+03 -1.1605e+01
8.5534e+05 9.8764e+05 2.4912e+03 -1.1077e+01
8.5540e+05 9.8764e+05 2.4860e+03 -1.0450e+01
8.5547e+05 9.8764e+05 2.4934e+03 -9.4028e+00
8.5553e+05 9.8764e+05 2.5104e+03 -8.1929e+00
8.5365e+05 9.8771e+05 2.2747e+03 -8.7423e+00
8.5371e+05 9.8771e+05 2.3061e+03 -9.4292e+00
8.5378e+05 9.8771e+05 2.3482e+03 -1.0551e+01
8.5384e+05 9.8771e+05 2.3866e+03 -1.2128e+01
8.5391e+05 9.8771e+05 2.4364e+03 -1.3518e+01
8.5397e+05 9.8771e+05 2.4853e+03 -1.2883e+01
8.5404e+05 9.8771e+05 2.5208e+03 -1.2822e+01
8.5410e+05 9.8771e+05 2.5501e+03 -1.3303e+01
8.5417e+05 9.8771e+05 2.6116e+03 -1.4969e+01
8.5423e+05 9.8771e+05 2.6771e+03 -1.4290e+01
8.5430e+05 9.8771e+05 2.7315e+03 -1.3727e+01
8.5436e+05 9.8771e+05 2.7519e+03 -1.3977e+01
8.5443e+05 9.8771e+05 2.7496e+03 -1.4155e+01
8.5449e+05 9.8771e+05 2.7263e+03 -1.4324e+01
8.5456e+05 9.8771e+05 2.6967e+03 -1.4816e+01
8.5462e+05 9.8771e+05 2.6605e+03 -1.5641e+01
8.5469e+05 9.8771e+05 2.6304e+03 -1.6508e+01
8.5475e+05 9.8771e+05 2.6158e+03 -1.6329e+01
8.5482e+05 9.8771e+05 2.6026e+03 -1.5814e+01
8.5488e+05 9.8771e+05 2.5976e+03 -1.5495e+01
8.5495e+05 9.8771e+05 2.5797e+03 -1.4706e+01
8.5501e+05 9.8771e+05 2.5446e+03 -1.3662e+01
8.5508e+05 9.8771e+05 2.5056e+03 -1.3192e+01
8.5514e+05 9.8771e+05 2.4785e+03 -1.3296e+01
8.5521e+05 9.8771e+05 2.4814e+03 -1.2982e+01
8.5527e+05 9.8771e+05 2.5113e+03 -1.2152e+01
8.5534e+05 9.8771e+05 2.5160e+03 -1.1457e+01
8.5540e+05 9.8771e+05 2.5074e+03 -1.0802e+01
8.5547e+05 9.8771e+05 2.5100e+03 -9.8080e+00
8.5553e+05 9.8771e+05 2.5219e+03 -8.6258e+00
8.5365e+05 9.8777e+05 2.3059e+03 -9.0302e+00
8.5371e+05 9.8777e+05 2.3303e+03 -1.0040e+01
8.5378e+05 9.8777e+05 2.3620e+03 -1.1367e+01
8.5384e+05 9.8777e+05 2.3811e+03 -1.2560e+01
8.5391e+05 9.8777e+05 2.4275e+03 -1.4356e+01
8.5397e+05 9.8777e+05 2.4942e+03 -1.3405e+01
8.5404e+05 9.8777e+05 2.5273e+03 -1.3459e+01
8.5410e+05 9.8777e+05 2.5590e+03 -1.4123e+01
8.5417e+05 9.8777e+05 2.6351e+03 -1.5738e+01
8.5423e+05 9.8777e+05 2.6833e+03 -1.4885e+01
8.5430e+05 9.8777e+05 2.7224e+03 -1.4549e+01
8.5436e+05 9.8777e+05 2.7540e+03 -1.4820e+01
8.5443e+05 9.8777e+05 2.7614e+03 -1.5059e+01
8.5449e+05 9.8777e+05 2.7395e+03 -1.5021e+01
8.5456e+05 9.8777e+05 2.7046e+03 -1.5336e+01
8.5462e+05 9.8777e+05 2.6696e+03 -1.6158e+01
8.5469e+05 9.8777e+05 2.6427e+03 -1.6892e+01
8.5475e+05 9.8777e+05 2.6414e+03 -1.6916e+01
8.5482e+05 9.8777e+05 2.6338e+03 -1.7005e+01
8.5488e+05 9.8777e+05 2.6182e+03 -1.6863e+01
8.5495e+05 9.8777e+05 2.6039e+03 -1.6096e+01
8.5501e+05 9.8777e+05 2.5629e+03 -1.4756e+01
8.5508e+05 9.8777e+05 2.5285e+03 -1.3891e+01
8.5514e+05 9.8777e+05 2.4977e+03 -1.3652e+01
8.5521e+05 9.8777e+05 2.4839e+03 -1.3548e+01
8.5527e+05 9.8777e+05 2.4995e+03 -1.2868e+01
8.5534e+05 9.8777e+05 2.5209e+03 -1.1955e+01
8.5540e+05 9.8777e+05 2.5265e+03 -1.1115e+01
8.5547e+05 9.8777e+05 2.5263e+03 -1.0083e+01
8.5553e+05 9.8777e+05 2.5340e+03 -8.9585e+00
8.5365e+05 9.8784e+05 2.3131e+03 -9.3366e+00
8.5371e+05 9.8784e+05 2.3333e+03 -1.0418e+01
8.5378e+05 9.8784e+05 2.3751e+03 -1.2106e+01
8.5384e+05 9.8784e+05 2.4005e+03 -1.3579e+01
8.5391e+05 9.8784e+05 2.4324e+03 -1.4703e+01
8.5397e+05 9.8784e+05 2.4842e+03 -1.3984e+01
8.5404e+05 9.8784e+05 2.5188e+03 -1.3949e+01
8.5410e+05 9.8784e+05 2.5781e+03 -1.4958e+01
8.5417e+05 9.8784e+05 2.6347e+03 -1.6276e+01
8.5423e+05 9.8784e+05 2.6909e+03 -1.5248e+01
8.5430e+05 9.8784e+05 2.7266e+03 -1.5061e+01
8.5436e+05 9.8784e+05 2.7560e+03 -1.5395e+01
8.5443e+05 9.8784e+05 2.7724e+03 -1.5825e+01
8.5449e+05 9.8784e+05 2.7489e+03 -1.5703e+01
8.5456e+05 9.8784e+05 2.7159e+03 -1.5724e+01
8.5462e+05 9.8784e+05 2.6828e+03 -1.6388e+01
8.5469e+05 9.8784e+05 2.6622e+03 -1.6933e+01
8.5475e+05 9.8784e+05 2.6679e+03 -1.6785e+01
8.5482e+05 9.8784e+05 2.6622e+03 -1.6824e+01
8.5488e+05 9.8784e+05 2.6542e+03 -1.6841e+01
8.5495e+05 9.8784e+05 2.6321e+03 -1.7073e+01
8.5501e+05 9.8784e+05 2.5901e+03 -1.5954e+01
8.5508e+05 9.8784e+05 2.5504e+03 -1.4668e+01
8.5514e+05 9.8784e+05 2.5158e+03 -1.4029e+01
8.5521e+05 9.8784e+05 2.4952e+03 -1.3794e+01
8.5527e+05 9.8784e+05 2.4953e+03 -1.3321e+01
8.5534e+05 9.8784e+05 2.5103e+03 -1.2473e+01
8.5540e+05 9.8784e+05 2.5309e+03 -1.1449e+01
8.5547e+05 9.8784e+05 2.5338e+03 -1.0442e+01
8.5553e+05 9.8784e+05 2.5312e+03 -9.2678e+00
8.5365e+05 9.8790e+05 2.3361e+03 -9.7443e+00
8.5371e+05 9.8790e+05 2.3764e+03 -1.1522e+01
8.5378e+05 9.8790e+05 2.3884e+03 -1.2860e+01
8.5384e+05 9.8790e+05 2.4271e+03 -1.4682e+01
8.5391e+05 9.8790e+05 2.4415e+03 -1.4833e+01
8.5397e+05 9.8790e+05 2.4959e+03 -1.4238e+01
8.5404e+05 9.8790e+05 2.5062e+03 -1.4300e+01
8.5410e+05 9.8790e+05 2.5908e+03 -1.5574e+01
8.5417e+05 9.8790e+05 2.6552e+03 -1.6124e+01
8.5423e+05 9.8790e+05 2.6865e+03 -1.5715e+01
8.5430e+05 9.8790e+05 2.7245e+03 -1.5465e+01
8.5436e+05 9.8790e+05 2.7657e+03 -1.5868e+01
8.5443e+05 9.8790e+05 2.7820e+03 -1.6401e+01
8.5449e+05 9.8790e+05 2.7609e+03 -1.6197e+01
8.5456e+05 9.8790e+05 2.7267e+03 -1.6041e+01
8.5462e+05 9.8790e+05 2.6990e+03 -1.6488e+01
8.5469e+05 9.8790e+05 2.6823e+03 -1.6886e+01
8.5475e+05 9.8790e+05 2.6921e+03 -1.6642e+01
8.5482e+05 9.8790e+05 2.6960e+03 -1.6435e+01
8.5488e+05 9.8790e+05 2.6837e+03 -1.6482e+01
8.5495e+05 9.8790e+05 2.6571e+03 -1.6793e+01
8.5501e+05 9.8790e+05 2.6102e+03 -1.6903e+01
8.5508e+05 9.8790e+05 2.5704e+03 -1.5424e+01
8.5514e+05 9.8790e+05 2.5423e+03 -1.4469e+01
8.5521e+05 9.8790e+05 2.5127e+03 -1.3857e+01
8.5527e+05 9.8790e+05 2.5021e+03 -1.3471e+01
8.5534e+05 9.8790e+05 2.5078e+03 -1.2763e+01
8.5540e+05 9.8790e+05 2.5247e+03 -1.1757e+01
8.5547e+05 9.8790e+05 2.5317e+03 -1.0679e+01
8.5553e+05 9.8790e+05 2.5233e+03 -9.4881e+00
8.5365e+05 9.8797e+05 2.3593e+03 -1.0321e+01
8.5371e+05 9.8797e+05 2.3507e+03 -1.1284e+01
8.5378e+05 9.8797e+05 2.3945e+03 -1.3391e+01
8.5384e+05 9.8797e+05 2.4183e+03 -1.4807e+01
8.5391e+05 9.8797e+05 2.4543e+03 -1.4830e+01
8.5397e+05 9.8797e+05 2.4841e+03 -1.4619e+01
8.5404e+05 9.8797e+05 2.5198e+03 -1.4604e+01
8.5410e+05 9.8797e+05 2.6070e+03 -1.6181e+01
8.5417e+05 9.8797e+05 2.6546e+03 -1.6371e+01
8.5423e+05 9.8797e+05 2.6931e+03 -1.5855e+01
8.5430e+05 9.8797e+05 2.7319e+03 -1.5686e+01
8.5436e+05 9.8797e+05 2.7737e+03 -1.6237e+01
8.5443e+05 9.8797e+05 2.7843e+03 -1.6702e+01
8.5449e+05 9.8797e+05 2.7758e+03 -1.6660e+01
8.5456e+05 9.8797e+05 2.7430e+03 -1.6373e+01
8.5462e+05 9.8797e+05 2.7131e+03 -1.6545e+01
8.5469e+05 9.8797e+05 2.6879e+03 -1.7000e+01
8.5475e+05 9.8797e+05 2.6933e+03 -1.6892e+01
8.5482e+05 9.8797e+05 2.7127e+03 -1.6305e+01
8.5488e+05 9.8797e+05 2.7081e+03 -1.6162e+01
8.5495e+05 9.8797e+05 2.6825e+03 -1.6458e+01
8.5501e+05 9.8797e+05 2.6392e+03 -1.7215e+01
8.5508e+05 9.8797e+05 2.5978e+03 -1.6462e+01
8.5514e+05 9.8797e+05 2.5611e+03 -1.5085e+01
8.5521e+05 9.8797e+05 2.5259e+03 -1.4131e+01
8.5527e+05 9.8797e+05 2.5119e+03 -1.3531e+01
8.5534e+05 9.8797e+05 2.5149e+03 -1.2869e+01
8.5540e+05 9.8797e+05 2.5194e+03 -1.1964e+01
8.5547e+05 9.8797e+05 2.5261e+03 -1.0859e+01
8.5553e+05 9.8797e+05 2.5234e+03 -9.6732e+00
8.5365e+05 9.8804e+05 2.3798e+03 -1.0871e+01
8.5371e+05 9.8804e+05 2.3735e+03 -1.1976e+01
8.5378e+05 9.8804e+05 2.3973e+03 -1.3621e+01
8.5384e+05 9.8804e+05 2.4246e+03 -1.5174e+01
8.5391e+05 9.8804e+05 2.4506e+03 -1.5044e+01
8.5397e+05 9.8804e+05 2.4817e+03 -1.4783e+01
8.5404e+05 9.8804e+05 2.5287e+03 -1.4778e+01
8.5410e+05 9.8804e+05 2.6086e+03 -1.6402e+01
8.5417e+05 9.8804e+05 2.6476e+03 -1.6765e+01
8.5423e+05 9.8804e+05 2.6944e+03 -1.5987e+01
8.5430e+05 9.8804e+05 2.7357e+03 -1.5787e+01
8.5436e+05 9.8804e+05 2.7616e+03 -1.6281e+01
8.5443e+05 9.8804e+05 2.7829e+03 -1.6826e+01
8.5449e+05 9.8804e+05 2.7861e+03 -1.6951e+01
8.5456e+05 9.8804e+05 2.7540e+03 -1.6567e+01
8.5462e+05 9.8804e+05 2.7131e+03 -1.6666e+01
8.5469e+05 9.8804e+05 2.6962e+03 -1.6975e+01
8.5475e+05 9.8804e+05 2.7040e+03 -1.6792e+01
8.5482e+05 9.8804e+05 2.7253e+03 -1.6233e+01
8.5488e+05 9.8804e+05 2.7273e+03 -1.5986e+01
8.5495e+05 9.8804e+05 2.7121e+03 -1.5934e+01
8.5501e+05 9.8804e+05 2.6674e+03 -1.6582e+01
8.5508e+05 9.8804e+05 2.6261e+03 -1.7322e+01
8.5514e+05 9.8804e+05 2.5866e+03 -1.5851e+01
8.5521e+05 9.8804e+05 2.5464e+03 -1.4476e+01
8.5527e+05 9.8804e+05 2.5298e+03 -1.3662e+01
8.5534e+05 9.8804e+05 2.5307e+03 -1.2910e+01
8.5540e+05 9.8804e+05 2.5317e+03 -1.1995e+01
8.5547e+05 9.8804e+05 2.5267e+03 -1.0976e+01
8.5553e+05 9.8804e+05 2.5222e+03 -9.7010e+00
8.5365e+05 9.8810e+05 2.4054e+03 -1.1537e+01
8.5371e+05 9.8810e+05 2.3780e+03 -1.2154e+01
8.5378e+05 9.8810e+05 2.3975e+03 -1.3641e+01
8.5384e+05 9.8810e+05 2.4342e+03 -1.5006e+01
8.5391e+05 9.8810e+05 2.4599e+03 -1.4929e+01
8.5397e+05 9.8810e+05 2.4866e+03 -1.4721e+01
8.5404e+05 9.8810e+05 2.5322e+03 -1.4788e+01
8.5410e+05 9.8810e+05 2.6015e+03 -1.6352e+01
8.5417e+05 9.8810e+05 2.6425e+03 -1.6995e+01
8.5423e+05 9.8810e+05 2.6768e+03 -1.6424e+01
8.5430e+05 9.8810e+05 2.7108e+03 -1.6037e+01
8.5436e+05 9.8810e+05 2.7492e+03 -1.6138e+01
8.5443e+05 9.8810e+05 2.7784e+03 -1.6704e+01
8.5449e+05 9.8810e+05 2.7842e+03 -1.6907e+01
8.5456e+05 9.8810e+05 2.7531e+03 -1.6577e+01
8.5462e+05 9.8810e+05 2.7163e+03 -1.6662e+01
8.5469e+05 9.8810e+05 2.6963e+03 -1.6981e+01
8.5475e+05 9.8810e+05 2.7143e+03 -1.6591e+01
8.5482e+05 9.8810e+05 2.7325e+03 -1.6173e+01
8.5488e+05 9.8810e+05 2.7416e+03 -1.5876e+01
8.5495e+05 9.8810e+05 2.7355e+03 -1.5631e+01
8.5501e+05 9.8810e+05 2.6968e+03 -1.5938e+01
8.5508e+05 9.8810e+05 2.6508e+03 -1.6714e+01
8.5514e+05 9.8810e+05 2.6044e+03 -1.6427e+01
8.5521e+05 9.8810e+05 2.5645e+03 -1.4951e+01
8.5527e+05 9.8810e+05 2.5493e+03 -1.4013e+01
8.5534e+05 9.8810e+05 2.5470e+03 -1.3110e+01
8.5540e+05 9.8810e+05 2.5421e+03 -1.2063e+01
8.5547e+05 9.8810e+05 2.5206e+03 -1.0955e+01
8.5553e+05 9.8810e+05 2.5200e+03 -9.7642e+00
8.5365e+05 9.8817e+05 2.4080e+03 -1.1606e+01
8.5371e+05 9.8817e+05 2.3858e+03 -1.2345e+01
8.5378e+05 9.8817e+05 2.3935e+03 -1.3509e+01
8.5384e+05 9.8817e+05 2.4409e+03 -1.4798e+01
8.5391e+05 9.8817e+05 2.4668e+03 -1.4718e+01
8.5397e+05 9.8817e+05 2.4881e+03 -1.4607e+01
8.5404e+05 9.8817e+05 2.5475e+03 -1.4827e+01
8.5410e+05 9.8817e+05 2.5941e+03 -1.6124e+01
8.5417e+05 9.8817e+05 2.6458e+03 -1.6848e+01
8.5423e+05 9.8817e+05 2.6748e+03 -1.6462e+01
8.5430e+05 9.8817e+05 2.7050e+03 -1.6069e+01
8.5436e+05 9.8817e+05 2.7303e+03 -1.6016e+01
8.5443e+05 9.8817e+05 2.7607e+03 -1.6295e+01
8.5449e+05 9.8817e+05 2.7741e+03 -1.6556e+01
8.5456e+05 9.8817e+05 2.7495e+03 -1.6373e+01
8.5462e+05 9.8817e+05 2.7142e+03 -1.6616e+01
8.5469e+05 9.8817e+05 2.6983e+03 -1.6893e+01
8.5475e+05 9.8817e+05 2.7109e+03 -1.6568e+01
8.5482e+05 9.8817e+05 2.7304e+03 -1.6120e+01
8.5488e+05 9.8817e+05 2.7475e+03 -1.5782e+01
8.5495e+05 9.8817e+05 2.7517e+03 -1.5438e+01
8.5501e+05 9.8817e+05 2.7116e+03 -1.5585e+01
8.5508e+05 9.8817e+05 2.6648e+03 -1.6276e+01
8.5514e+05 9.8817e+05 2.6236e+03 -1.6947e+01
8.5521e+05 9.8817e+05 2.5831e+03 -1.5360e+01
8.5527e+05 9.8817e+05 2.5610e+03 -1.4183e+01
8.5534e+05 9.8817e+05 2.5502e+03 -1.3111e+01
8.5540e+05 9.8817e+05 2.5299e+03 -1.1979e+01
8.5547e+05 9.8817e+05 2.5207e+03 -1.0906e+01
8.5553e+05 9.8817e+05 2.5193e+03 -9.6798e+00
8.5365e+05 9.8823e+05 2.4113e+03 -1.1513e+01
8.5371e+05 9.8823e+05 2.4071e+03 -1.2789e+01
8.5378e+05 9.8823e+05 2.3957e+03 -1.3414e+01
8.5384e+05 9.8823e+05 2.4303e+03 -1.4904e+01
8.5391e+05 9.8823e+05 2.4717e+03 -1.4469e+01
8.5397e+05 9.8823e+05 2.5039e+03 -1.4353e+01
8.5404e+05 9.8823e+05 2.5387e+03 -1.4627e+01
8.5410e+05 9.8823e+05 2.5951e+03 -1.5950e+01
8.5417e+05 9.8823e+05 2.6308e+03 -1.7123e+01
8.5423e+05 9.8823e+05 2.6649e+03 -1.6539e+01
8.5430e+05 9.8823e+05 2.6879e+03 -1.6278e+01
8.5436e+05 9.8823e+05 2.7182e+03 -1.5906e+01
8.5443e+05 9.8823e+05 2.7414e+03 -1.5921e+01
8.5449e+05 9.8823e+05 2.7510e+03 -1.6079e+01
8.5456e+05 9.8823e+05 2.7388e+03 -1.6093e+01
8.5462e+05 9.8823e+05 2.7068e+03 -1.6533e+01
8.5469e+05 9.8823e+05 2.6944e+03 -1.6789e+01
8.5475e+05 9.8823e+05 2.7047e+03 -1.6504e+01
8.5482e+05 9.8823e+05 2.7244e+03 -1.5974e+01
8.5488e+05 9.8823e+05 2.7399e+03 -1.5600e+01
8.5495e+05 9.8823e+05 2.7447e+03 -1.5290e+01
8.5501e+05 9.8823e+05 2.7226e+03 -1.5194e+01
8.5508e+05 9.8823e+05 2.6806e+03 -1.5761e+01
8.5514e+05 9.8823e+05 2.6433e+03 -1.6321e+01
8.5521e+05 9.8823e+05 2.6060e+03 -1.5739e+01
8.5527e+05 9.8823e+05 2.5740e+03 -1.4216e+01
8.5534e+05 9.8823e+05 2.5430e+03 -1.2908e+01
8.5540e+05 9.8823e+05 2.5196e+03 -1.1801e+01
8.5547e+05 9.8823e+05 2.5184e+03 -1.0772e+01
8.5553e+05 9.8823e+05 2.5210e+03 -9.5655e+00
8.5365e+05 9.8830e+05 2.4089e+03 -1.1278e+01
8.5371e+05 9.8830e+05 2.4095e+03 -1.2683e+01
8.5378e+05 9.8830e+05 2.3927e+03 -1.3082e+01
8.5384e+05 9.8830e+05 2.4224e+03 -1.4686e+01
8.5391e+05 9.8830e+05 2.4607e+03 -1.4394e+01
8.5397e+05 9.8830e+05 2.5025e+03 -1.4097e+01
8.5404e+05 9.8830e+05 2.5410e+03 -1.4306e+01
8.5410e+05 9.8830e+05 2.5896e+03 -1.5527e+01
8.5417e+05 9.8830e+05 2.6081e+03 -1.6526e+01
8.5423e+05 9.8830e+05 2.6467e+03 -1.6771e+01
8.5430e+05 9.8830e+05 2.6614e+03 -1.6580e+01
8.5436e+05 9.8830e+05 2.6847e+03 -1.6284e+01
8.5443e+05 9.8830e+05 2.7106e+03 -1.5847e+01
8.5449e+05 9.8830e+05 2.7186e+03 -1.5917e+01
8.5456e+05 9.8830e+05 2.7137e+03 -1.6064e+01
8.5462e+05 9.8830e+05 2.6947e+03 -1.6470e+01
8.5469e+05 9.8830e+05 2.6785e+03 -1.6832e+01
8.5475e+05 9.8830e+05 2.6747e+03 -1.6813e+01
8.5482e+05 9.8830e+05 2.6969e+03 -1.6204e+01
8.5488e+05 9.8830e+05 2.7158e+03 -1.5604e+01
8.5495e+05 9.8830e+05 2.7168e+03 -1.5347e+01
8.5501e+05 9.8830e+05 2.7118e+03 -1.5100e+01
8.5508e+05 9.8830e+05 2.6907e+03 -1.5220e+01
8.5514e+05 9.8830e+05 2.6529e+03 -1.5710e+01
8.5521e+05 9.8830e+05 2.6120e+03 -1.5501e+01
8.5527e+05 9.8830e+05 2.5711e+03 -1.3812e+01
8.5534e+05 9.8830e+05 2.5318e+03 -1.2492e+01
8.5540e+05 9.8830e+05 2.5153e+03 -1.1607e+01
8.5547e+05 9.8830e+05 2.5171e+03 -1.0591e+01
8.5553e+05 9.8830e+05 2.5228e+03 -9.3740e+00
8.5365e+05 9.8837e+05 2.4173e+03 -1.1204e+01
8.5371e+05 9.8837e+05 2.4170e+03 -1.2595e+01
8.5378e+05 9.8837e+05 2.4048e+03 -1.3128e+01
8.5384e+05 9.8837e+05 2.4197e+03 -1.4218e+01
8.5391e+05 9.8837e+05 2.4442e+03 -1.4414e+01
8.5397e+05 9.8837e+05 2.4951e+03 -1.3818e+01
8.5404e+05 9.8837e+05 2.5261e+03 -1.3842e+01
8.5410e+05 9.8837e+05 2.5573e+03 -1.4449e+01
8.5417e+05 9.8837e+05 2.5844e+03 -1.5438e+01
8.5423e+05 9.8837e+05 2.6102e+03 -1.6476e+01
8.5430e+05 9.8837e+05 2.6405e+03 -1.6739e+01
8.5436e+05 9.8837e+05 2.6644e+03 -1.6341e+01
8.5443e+05 9.8837e+05 2.6772e+03 -1.6195e+01
8.5449e+05 9.8837e+05 2.6865e+03 -1.6095e+01
8.5456e+05 9.8837e+05 2.6825e+03 -1.6255e+01
8.5462e+05 9.8837e+05 2.6720e+03 -1.6542e+01
8.5469e+05 9.8837e+05 2.6596e+03 -1.6818e+01
8.5475e+05 9.8837e+05 2.6501e+03 -1.7046e+01
8.5482e+05 9.8837e+05 2.6626e+03 -1.6550e+01
8.5488e+05 9.8837e+05 2.6794e+03 -1.5986e+01
8.5495e+05 9.8837e+05 2.6881e+03 -1.5511e+01
8.5501e+05 9.8837e+05 2.6817e+03 -1.5390e+01
8.5508e+05 9.8837e+05 2.6602e+03 -1.5531e+01
8.5514e+05 9.8837e+05 2.6288e+03 -1.5873e+01
8.5521e+05 9.8837e+05 2.5941e+03 -1.4555e+01
8.5527e+05 9.8837e+05 2.5521e+03 -1.3008e+01
8.5534e+05 9.8837e+05 2.5208e+03 -1.2093e+01
8.5540e+05 9.8837e+05 2.5131e+03 -1.1330e+01
8.5547e+05 9.8837e+05 2.5172e+03 -1.0287e+01
8.5553e+05 9.8837e+05 2.5248e+03 -9.0951e+00
8.5365e+05 9.8843e+05 2.4018e+03 -1.0409e+01
8.5371e+05 9.8843e+05 2.4183e+03 -1.2190e+01
8.5378e+05 9.8843e+05 2.4103e+03 -1.2793e+01
8.5384e+05 9.8843e+05 2.4093e+03 -1.3359e+01
8.5391e+05 9.8843e+05 2.4317e+03 -1.4150e+01
8.5397e+05 9.8843e+05 2.4714e+03 -1.3614e+01
8.5404e+05 9.8843e+05 2.5058e+03 -1.3376e+01
8.5410e+05 9.8843e+05 2.5380e+03 -1.3646e+01
8.5417e+05 9.8843e+05 2.5610e+03 -1.4250e+01
8.5423e+05 9.8843e+05 2.5971e+03 -1.5438e+01
8.5430e+05 9.8843e+05 2.6210e+03 -1.6403e+01
8.5436e+05 9.8843e+05 2.6419e+03 -1.6265e+01
8.5443e+05 9.8843e+05 2.6618e+03 -1.5933e+01
8.5449e+05 9.8843e+05 2.6570e+03 -1.6180e+01
8.5456e+05 9.8843e+05 2.6467e+03 -1.6496e+01
8.5462e+05 9.8843e+05 2.6449e+03 -1.6588e+01
8.5469e+05 9.8843e+05 2.6392e+03 -1.6731e+01
8.5475e+05 9.8843e+05 2.6196e+03 -1.6884e+01
8.5482e+05 9.8843e+05 2.6197e+03 -1.6768e+01
8.5488e+05 9.8843e+05 2.6316e+03 -1.6598e+01
8.5495e+05 9.8843e+05 2.6383e+03 -1.6203e+01
8.5501e+05 9.8843e+05 2.6319e+03 -1.6066e+01
8.5508e+05 9.8843e+05 2.6195e+03 -1.5685e+01
8.5514e+05 9.8843e+05 2.5892e+03 -1.4391e+01
8.5521e+05 9.8843e+05 2.5576e+03 -1.3161e+01
8.5527e+05 9.8843e+05 2.5260e+03 -1.2194e+01
8.5534e+05 9.8843e+05 2.5167e+03 -1.1615e+01
8.5540e+05 9.8843e+05 2.5150e+03 -1.0868e+01
8.5547e+05 9.8843e+05 2.5197e+03 -9.8809e+00
8.5553e+05 9.8843e+05 2.5399e+03 -8.7374e+00
8.5365e+05 9.8850e+05 2.3987e+03 -9.7526e+00
8.5371e+05 9.8850e+05 2.4188e+03 -1.1554e+01
8.5378e+05 9.8850e+05 2.4189e+03 -1.2330e+01
8.5384e+05 9.8850e+05 2.4080e+03 -1.2605e+01
8.5391e+05 9.8850e+05 2.4288e+03 -1.3479e+01
8.5397e+05 9.8850e+05 2.4590e+03 -1.3139e+01
8.5404e+05 9.8850e+05 2.4856e+03 -1.2895e+01
8.5410e+05 9.8850e+05 2.5176e+03 -1.2790e+01
8.5417e+05 9.8850e+05 2.5399e+03 -1.3093e+01
8.5423e+05 9.8850e+05 2.5709e+03 -1.3860e+01
8.5430e+05 9.8850e+05 2.5978e+03 -1.4853e+01
8.5436e+05 9.8850e+05 2.6164e+03 -1.5641e+01
8.5443e+05 9.8850e+05 2.6225e+03 -1.5977e+01
8.5449e+05 9.8850e+05 2.6314e+03 -1.5966e+01
8.5456e+05 9.8850e+05 2.6278e+03 -1.6143e+01
8.5462e+05 9.8850e+05 2.6233e+03 -1.6206e+01
8.5469e+05 9.8850e+05 2.6118e+03 -1.5825e+01
8.5475e+05 9.8850e+05 2.5935e+03 -1.5211e+01
8.5482e+05 9.8850e+05 2.5851e+03 -1.4892e+01
8.5488e+05 9.8850e+05 2.5748e+03 -1.4510e+01
8.5495e+05 9.8850e+05 2.5798e+03 -1.4401e+01
8.5501e+05 9.8850e+05 2.5778e+03 -1.4104e+01
8.5508e+05 9.8850e+05 2.5647e+03 -1.3461e+01
8.5514e+05 9.8850e+05 2.5567e+03 -1.2825e+01
8.5521e+05 9.8850e+05 2.5297e+03 -1.2008e+01
8.5527e+05 9.8850e+05 2.5172e+03 -1.1489e+01
8.5534e+05 9.8850e+05 2.5150e+03 -1.0984e+01
8.5540e+05 9.8850e+05 2.5177e+03 -1.0270e+01
8.5547e+05 9.8850e+05 2.5261e+03 -9.3297e+00
8.5553e+05 9.8850e+05 2.5515e+03 -8.3249e+00
8.5365e+05 9.8856e+05 2.3889e+03 -8.7762e+00
8.5371e+05 9.8856e+05 2.4091e+03 -1.0346e+01
8.5378e+05 9.8856e+05 2.4193e+03 -1.1359e+01
8.5384e+05 9.8856e+05 2.4088e+03 -1.1520e+01
8.5391e+05 9.8856e+05 2.4217e+03 -1.2369e+01
8.5397e+05 9.8856e+05 2.4443e+03 -1.2358e+01
8.5404e+05 9.8856e+05 2.4712e+03 -1.2077e+01
8.5410e+05 9.8856e+05 2.4912e+03 -1.2003e+01
8.5417e+05 9.8856e+05 2.5160e+03 -1.1999e+01
8.5423e+05 9.8856e+05 2.5419e+03 -1.2331e+01
8.5430e+05 9.8856e+05 2.5605e+03 -1.2903e+01
8.5436e+05 9.8856e+05 2.5787e+03 -1.3421e+01
8.5443e+05 9.8856e+05 2.5898e+03 -1.3837e+01
8.5449e+05 9.8856e+05 2.5974e+03 -1.4152e+01
8.5456e+05 9.8856e+05 2.6093e+03 -1.4512e+01
8.5462e+05 9.8856e+05 2.6052e+03 -1.4412e+01
8.5469e+05 9.8856e+05 2.5805e+03 -1.3713e+01
8.5475e+05 9.8856e+05 2.5701e+03 -1.3426e+01
8.5482e+05 9.8856e+05 2.5559e+03 -1.3060e+01
8.5488e+05 9.8856e+05 2.5410e+03 -1.2619e+01
8.5495e+05 9.8856e+05 2.5396e+03 -1.2413e+01
8.5501e+05 9.8856e+05 2.5396e+03 -1.2184e+01
8.5508e+05 9.8856e+05 2.5434e+03 -1.1939e+01
8.5514e+05 9.8856e+05 2.5358e+03 -1.1487e+01
8.5521e+05 9.8856e+05 2.5150e+03 -1.0989e+01
8.5527e+05 9.8856e+05 2.5145e+03 -1.0623e+01
8.5534e+05 9.8856e+05 2.5185e+03 -1.0094e+01
8.5540e+05 9.8856e+05 2.5247e+03 -9.4509e+00
8.5547e+05 9.8856e+05 2.5354e+03 -8.6851e+00
8.5553e+05 9.8856e+05 2.5633e+03 -7.9112e+00
