8.5365e+05 9.8757e+05 2.2539e+03 -7.7075e+00
8.5371e+05 9.8757e+05 2.3032e+03 -8.1108e+00
8.5378e+05 9.8757e+05 2.3361e+03 -8.7837e+00
8.5384e+05 9.8757e+05 2.3746e+03 -9.7012e+00
8.5391e+05 9.8757e+05 2.4174e+03 -1.1570e+01
8.5397e+05 9.8757e+05 2.4658e+03 -1.0996e+01
8.5404e+05 9.8757e+05 2.5002e+03 -1.0755e+01
8.5410e+05 9.8757e+05 2.5306e+03 -1.1307e+01
8.5417e+05 9.8757e+05 2.5890e+03 -1.2540e+01
8.5423e+05 9.8757e+05 2.6359e+03 -1.2754e+01
8.5430e+05 9.8757e+05 2.6815e+03 -1.2249e+01
8.5436e+05 9.8757e+05 2.7076e+03 -1.2256e+01
8.5443e+05 9.8757e+05 2.6996e+03 -1.2918e+01
8.5449e+05 9.8757e+05 2.6808e+03 -1.2792e+01
8.5456e+05 9.8757e+05 2.6583e+03 -1.3296e+01
8.5462e+05 9.8757e+05 2.6333e+03 -1.4167e+01
8.5469e+05 9.8757e+05 2.6115e+03 -1.3895e+01
8.5475e+05 9.8757e+05 2.5919e+03 -1.3219e+01
8.5482e+05 9.8757e+05 2.5892e+03 -1.3028e+01
8.5488e+05 9.8757e+05 2.5953e+03 -1.3082e+01
8.5495e+05 9.8757e+05 2.5768e+03 -1.1900e+01
8.5501e+05 9.8757e+05 2.5353e+03 -1.1445e+01
8.5508e+05 9.8757e+05 2.4965e+03 -1.1195e+01
8.5514e+05 9.8757e+05 2.4612e+03 -1.1327e+01
8.5521e+05 9.8757e+05 2.4560e+03 -1.1567e+01
8.5527e+05 9.8757e+05 2.4583e+03 -1.1001e+01
8.5534e+05 9.8757e+05 2.4628e+03 -1.0663e+01
8.5540e+05 9.8757e+05 2.4770e+03 -9.9389e+00
8.5547e+05 9.8757e+05 2.4959e+03 -8.6740e+00
8.5553e+05 9.8757e+05 2.5377e+03 -7.6962e+00
8.5365e+05 9.8764e+05 2.2537e+03 -8.7147e+00
8.5371e+05 9.8764e+05 2.3046e+03 -8.4539e+00
8.5378e+05 9.8764e+05 2.3462e+03 -9.9445e+00
8.5384e+05 9.8764e+05 2.3868e+03 -1.0890e+01
8.5391e+05 9.8764e+05 2.4192e+03 -1.2709e+01
8.5397e+05 9.8764e+05 2.4739e+03 -1.2111e+01
8.5404e+05 9.8764e+05 2.5100e+03 -1.2087e+01
8.5410e+05 9.8764e+05 2.5517e+03 -1.2251e+01
8.5417e+05 9.8764e+05 2.5972e+03 -1.3445e+01
8.5423e+05 9.8764e+05 2.6431e+03 -1.4176e+01
8.5430e+05 9.8764e+05 2.7075e+03 -1.3226e+01
8.5436e+05 9.8764e+05 2.7420e+03 -1.3093e+01
8.5443e+05 9.8764e+05 2.7374e+03 -1.3373e+01
8.5449e+05 9.8764e+05 2.7136e+03 -1.3304e+01
8.5456e+05 9.8764e+05 2.6795e+03 -1.4070e+01
8.5462e+05 9.8764e+05 2.6535e+03 -1.4900e+01
8.5469e+05 9.8764e+05 2.6257e+03 -1.5645e+01
8.5475e+05 9.8764e+05 2.6019e+03 -1.4850e+01
8.5482e+05 9.8764e+05 2.5960e+03 -1.4596e+01
8.5488e+05 9.8764e+05 2.5970e+03 -1.4289e+01
8.5495e+05 9.8764e+05 2.5816e+03 -1.3711e+01
8.5501e+05 9.8764e+05 2.5414e+03 -1.2754e+01
8.5508e+05 9.8764e+05 2.5018e+03 -1.2378e+01
8.5514e+05 9.8764e+05 2.4705e+03 -1.2724e+01
8.5521e+05 9.8764e+05 2.4766e+03 -1.2180e+01
8.5527e+05 9.8764e+05 2.4925e+03 -1.1541e+01
8.5534e+05 9.8764e+05 2.4912e+03 -1.1002e+01
8.5540e+05 9.8764e+05 2.4860e+03 -1.0426e+01
8.5547e+05 9.8764e+05 2.4934e+03 -9.2870e+00
8.5553e+05 9.8764e+05 2.5104e+03 -8.1058e+00
8.5365e+05 9.8771e+05 2.2747e+03 -8.8528e+00
8.5371e+05 9.8771e+05 2.3061e+03 -9.3382e+00
8.5378e+05 9.8771e+05 2.3482e+03 -1.0400e+01
8.5384e+05 9.8771e+05 2.3866e+03 -1.2168e+01
8.5391e+05 9.8771e+05 2.4364e+03 -1.3567e+01
8.5397e+05 9.8771e+05 2.4853e+03 -1.2847e+01
8.5404e+05 9.8771e+05 2.5208e+03 -1.2896e+01
8.5410e+05 9.8771e+05 2.5501e+03 -1.3329e+01
8.5417e+05 9.8771e+05 2.6116e+03 -1.5228e+01
8.5423e+05 9.8771e+05 2.6771e+03 -1.4349e+01
8.5430e+05 9.8771e+05 2.7315e+03 -1.3500e+01
8.5436e+05 9.8771e+05 2.7519e+03 -1.3864e+01
8.5443e+05 9.8771e+05 2.7496e+03 -1.3920e+01
8.5449e+05 9.8771e+05 2.7263e+03 -1.4331e+01
8.5456e+05 9.8771e+05 2.6967e+03 -1.5105e+01
8.5462e+05 9.8771e+05 2.6605e+03 -1.5621e+01
8.5469e+05 9.8771e+05 2.6304e+03 -1.6840e+01
8.5475e+05 9.8771e+05 2.6158e+03 -1.6412e+01
8.5482e+05 9.8771e+05 2.6026e+03 -1.5629e+01
8.5488e+05 9.8771e+05 2.5976e+03 -1.5538e+01
8.5495e+05 9.8771e+05 2.5797e+03 -1.4609e+01
8.5501e+05 9.8771e+05 2.5446e+03 -1.3544e+01
8.5508e+05 9.8771e+05 2.5056e+03 -1.3266e+01
8.5514e+05 9.8771e+05 2.4785e+03 -1.3546e+01
8.5521e+05 9.8771e+05 2.4814e+03 -1.2734e+01
8.5527e+05 9.8771e+05 2.5113e+03 -1.2297e+01
8.5534e+05 9.8771e+05 2.5160e+03 -1.1403e+01
8.5540e+05 9.8771e+05 2.5074e+03 -1.0729e+01
8.5547e+05 9.8771e+05 2.5100e+03 -9.8313e+00
8.5553e+05 9.8771e+05 2.5219e+03 -8.6620e+00
8.5365e+05 9.8777e+05 2.3059e+03 -9.0111e+00
8.5371e+05 9.8777e+05 2.3303e+03 -1.0091e+01
8.5378e+05 9.8777e+05 2.3620e+03 -1.1404e+01
8.5384e+05 9.8777e+05 2.3811e+03 -1.2488e+01
8.5391e+05 9.8777e+05 2.4275e+03 -1.4500e+01
8.5397e+05 9.8777e+05 2.4942e+03 -1.3431e+01
8.5404e+05 9.8777e+05 2.5273e+03 -1.3414e+01
8.5410e+05 9.8777e+05 2.5590e+03 -1.4177e+01
8.5417e+05 9.8777e+05 2.6351e+03 -1.5898e+01
8.5423e+05 9.8777e+05 2.6833e+03 -1.5134e+01
8.5430e+05 9.8777e+05 2.7224e+03 -1.4640e+01
8.5436e+05 9.8777e+05 2.7540e+03 -1.4976e+01
8.5443e+05 9.8777e+05 2.7614e+03 -1.4900e+01
8.5449e+05 9.8777e+05 2.7395e+03 -1.4856e+01
8.5456e+05 9.8777e+05 2.7046e+03 -1.5178e+01
8.5462e+05 9.8777e+05 2.6696e+03 -1.6318e+01
8.5469e+05 9.8777e+05 2.6427e+03 -1.6953e+01
8.5475e+05 9.8777e+05 2.6414e+03 -1.6934e+01
8.5482e+05 9.8777e+05 2.6338e+03 -1.7007e+01
8.5488e+05 9.8777e+05 2.6182e+03 -1.7090e+01
8.5495e+05 9.8777e+05 2.6039e+03 -1.6069e+01
8.5501e+05 9.8777e+05 2.5629e+03 -1.5041e+01
8.5508e+05 9.8777e+05 2.5285e+03 -1.4001e+01
8.5514e+05 9.8777e+05 2.4977e+03 -1.3785e+01
8.5521e+05 9.8777e+05 2.4839e+03 -1.3681e+01
8.5527e+05 9.8777e+05 2.4995e+03 -1.2756e+01
8.5534e+05 9.8777e+05 2.5209e+03 -1.2006e+01
8.5540e+05 9.8777e+05 2.5265e+03 -1.1442e+01
8.5547e+05 9.8777e+05 2.5263e+03 -9.9530e+00
8.5553e+05 9.8777e+05 2.5340e+03 -8.9542e+00
8.5365e+05 9.8784e+05 2.3131e+03 -9.6118e+00
8.5371e+05 9.8784e+05 2.3333e+03 -1.0322e+01
8.5378e+05 9.8784e+05 2.3751e+03 -1.2115e+01
8.5384e+05 9.8784e+05 2.4005e+03 -1.3453e+01
8.5391e+05 9.8784e+05 2.4324e+03 -1.4757e+01
8.5397e+05 9.8784e+05 2.4842e+03 -1.3894e+01
8.5404e+05 9.8784e+05 2.5188e+03 -1.3854e+01
8.5410e+05 9.8784e+05 2.5781e+03 -1.4917e+01
8.5417e+05 9.8784e+05 2.6347e+03 -1.6216e+01
8.5423e+05 9.8784e+05 2.6909e+03 -1.5220e+01
8.5430e+05 9.8784e+05 2.7266e+03 -1.5178e+01
8.5436e+05 9.8784e+05 2.7560e+03 -1.5364e+01
8.5443e+05 9.8784e+05 2.7724e+03 -1.5998e+01
8.5449e+05 9.8784e+05 2.7489e+03 -1.6023e+01
8.5456e+05 9.8784e+05 2.7159e+03 -1.5355e+01
8.5462e+05 9.8784e+05 2.6828e+03 -1.6414e+01
8.5469e+05 9.8784e+05 2.6622e+03 -1.6812e+01
8.5475e+05 9.8784e+05 2.6679e+03 -1.6613e+01
8.5482e+05 9.8784e+05 2.6622e+03 -1.6871e+01
8.5488e+05 9.8784e+05 2.6542e+03 -1.7212e+01
8.5495e+05 9.8784e+05 2.6321e+03 -1.7001e+01
8.5501e+05 9.8784e+05 2.5901e+03 -1.6260e+01
8.5508e+05 9.8784e+05 2.5504e+03 -1.4863e+01
8.5514e+05 9.8784e+05 2.5158e+03 -1.4396e+01
8.5521e+05 9.8784e+05 2.4952e+03 -1.4011e+01
8.5527e+05 9.8784e+05 2.4953e+03 -1.3269e+01
8.5534e+05 9.8784e+05 2.5103e+03 -1.2492e+01
8.5540e+05 9.8784e+05 2.5309e+03 -1.1540e+01
8.5547e+05 9.8784e+05 2.5338e+03 -1.0581e+01
8.5553e+05 9.8784e+05 2.5312e+03 -9.1907e+00
8.5365e+05 9.8790e+05 2.3361e+03 -9.9310e+00
8.5371e+05 9.8790e+05 2.3764e+03 -1.1470e+01
8.5378e+05 9.8790e+05 2.3884e+03 -1.2811e+01
8.5384e+05 9.8790e+05 2.4271e+03 -1.4420e+01
8.5391e+05 9.8790e+05 2.4415e+03 -1.4659e+01
8.5397e+05 9.8790e+05 2.4959e+03 -1.4386e+01
8.5404e+05 9.8790e+05 2.5062e+03 -1.4199e+01
8.5410e+05 9.8790e+05 2.5908e+03 -1.5394e+01
8.5417e+05 9.8790e+05 2.6552e+03 -1.6276e+01
8.5423e+05 9.8790e+05 2.6865e+03 -1.5806e+01
8.5430e+05 9.8790e+05 2.7245e+03 -1.5493e+01
8.5436e+05 9.8790e+05 2.7657e+03 -1.5678e+01
8.5443e+05 9.8790e+05 2.7820e+03 -1.6621e+01
8.5449e+05 9.8790e+05 2.7609e+03 -1.6107e+01
8.5456e+05 9.8790e+05 2.7267e+03 -1.5520e+01
8.5462e+05 9.8790e+05 2.6990e+03 -1.6693e+01
8.5469e+05 9.8790e+05 2.6823e+03 -1.6970e+01
8.5475e+05 9.8790e+05 2.6921e+03 -1.6663e+01
8.5482e+05 9.8790e+05 2.6960e+03 -1.6700e+01
8.5488e+05 9.8790e+05 2.6837e+03 -1.6659e+01
8.5495e+05 9.8790e+05 2.6571e+03 -1.6565e+01
8.5501e+05 9.8790e+05 2.6102e+03 -1.6883e+01
8.5508e+05 9.8790e+05 2.5704e+03 -1.5170e+01
8.5514e+05 9.8790e+05 2.5423e+03 -1.4408e+01
8.5521e+05 9.8790e+05 2.5127e+03 -1.3402e+01
8.5527e+05 9.8790e+05 2.5021e+03 -1.3269e+01
8.5534e+05 9.8790e+05 2.5078e+03 -1.2744e+01
8.5540e+05 9.8790e+05 2.5247e+03 -1.1802e+01
8.5547e+05 9.8790e+05 2.5317e+03 -1.0705e+01
8.5553e+05 9.8790e+05 2.5233e+03 -9.3802e+00
8.5365e+05 9.8797e+05 2.3593e+03 -1.0417e+01
8.5371e+05 9.8797e+05 2.3507e+03 -1.1243e+01
8.5378e+05 9.8797e+05 2.3945e+03 -1.3748e+01
8.5384e+05 9.8797e+05 2.4183e+03 -1.4842e+01
8.5391e+05 9.8797e+05 2.4543e+03 -1.4718e+01
8.5397e+05 9.8797e+05 2.4841e+03 -1.4833e+01
8.5404e+05 9.8797e+05 2.5198e+03 -1.4787e+01
8.5410e+05 9.8797e+05 2.6070e+03 -1.6000e+01
8.5417e+05 9.8797e+05 2.6546e+03 -1.6231e+01
8.5423e+05 9.8797e+05 2.6931e+03 -1.6020e+01
8.5430e+05 9.8797e+05 2.7319e+03 -1.5670e+01
8.5436e+05 9.8797e+05 2.7737e+03 -1.6154e+01
8.5443e+05 9.8797e+05 2.7843e+03 -1.6585e+01
8.5449e+05 9.8797e+05 2.7758e+03 -1.6535e+01
8.5456e+05 9.8797e+05 2.7430e+03 -1.6405e+01
8.5462e+05 9.8797e+05 2.7131e+03 -1.6761e+01
8.5469e+05 9.8797e+05 2.6879e+03 -1.6990e+01
8.5475e+05 9.8797e+05 2.6933e+03 -1.7103e+01
8.5482e+05 9.8797e+05 2.7127e+03 -1.6268e+01
8.5488e+05 9.8797e+05 2.7081e+03 -1.6122e+01
8.5495e+05 9.8797e+05 2.6825e+03 -1.6635e+01
8.5501e+05 9.8797e+05 2.6392e+03 -1.7314e+01
8.5508e+05 9.8797e+05 2.5978e+03 -1.6805e+01
8.5514e+05 9.8797e+05 2.5611e+03 -1.5255e+01
8.5521e+05 9.8797e+05 2.5259e+03 -1.4352e+01
8.5527e+05 9.8797e+05 2.5119e+03 -1.3326e+01
8.5534e+05 9.8797e+05 2.5149e+03 -1.2895e+01
8.5540e+05 9.8797e+05 2.5194e+03 -1.1957e+01
8.5547e+05 9.8797e+05 2.5261e+03 -1.0949e+01
8.5553e+05 9.8797e+05 2.5234e+03 -9.9102e+00
8.5365e+05 9.8804e+05 2.3798e+03 -1.0887e+01
8.5371e+05 9.8804e+05 2.3735e+03 -1.1862e+01
8.5378e+05 9.8804e+05 2.3973e+03 -1.3824e+01
8.5384e+05 9.8804e+05 2.4246e+03 -1.5222e+01
8.5391e+05 9.8804e+05 2.4506e+03 -1.4943e+01
8.5397e+05 9.8804e+05 2.4817e+03 -1.4990e+01
8.5404e+05 9.8804e+05 2.5287e+03 -1.4977e+01
8.5410e+05 9.8804e+05 2.6086e+03 -1.6377e+01
8.5417e+05 9.8804e+05 2.6476e+03 -1.6958e+01
8.5423e+05 9.8804e+05 2.6944e+03 -1.6076e+01
8.5430e+05 9.8804e+05 2.7357e+03 -1.5680e+01
8.5436e+05 9.8804e+05 2.7616e+03 -1.6358e+01
8.5443e+05 9.8804e+05 2.7829e+03 -1.6866e+01
8.5449e+05 9.8804e+05 2.7861e+03 -1.6955e+01
8.5456e+05 9.8804e+05 2.7540e+03 -1.6590e+01
8.5462e+05 9.8804e+05 2.7131e+03 -1.6754e+01
8.5469e+05 9.8804e+05 2.6962e+03 -1.6990e+01
8.5475e+05 9.8804e+05 2.7040e+03 -1.6938e+01
8.5482e+05 9.8804e+05 2.7253e+03 -1.6317e+01
8.5488e+05 9.8804e+05 2.7273e+03 -1.6222e+01
8.5495e+05 9.8804e+05 2.7121e+03 -1.6034e+01
8.5501e+05 9.8804e+05 2.6674e+03 -1.6572e+01
8.5508e+05 9.8804e+05 2.6261e+03 -1.7170e+01
8.5514e+05 9.8804e+05 2.5866e+03 -1.5904e+01
8.5521e+05 9.8804e+05 2.5464e+03 -1.4422e+01
8.5527e+05 9.8804e+05 2.5298e+03 -1.3610e+01
8.5534e+05 9.8804e+05 2.5307e+03 -1.2746e+01
8.5540e+05 9.8804e+05 2.5317e+03 -1.1882e+01
8.5547e+05 9.8804e+05 2.5267e+03 -1.1376e+01
8.5553e+05 9.8804e+05 2.5222e+03 -9.4512e+00
8.5365e+05 9.8810e+05 2.4054e+03 -1.1520e+01
8.5371e+05 9.8810e+05 2.3780e+03 -1.2186e+01
8.5378e+05 9.8810e+05 2.3975e+03 -1.3536e+01
8.5384e+05 9.8810e+05 2.4342e+03 -1.4955e+01
8.5391e+05 9.8810e+05 2.4599e+03 -1.5065e+01
8.5397e+05 9.8810e+05 2.4866e+03 -1.4601e+01
8.5404e+05 9.8810e+05 2.5322e+03 -1.4516e+01
8.5410e+05 9.8810e+05 2.6015e+03 -1.6616e+01
8.5417e+05 9.8810e+05 2.6425e+03 -1.7246e+01
8.5423e+05 9.8810e+05 2.6768e+03 -1.6522e+01
8.5430e+05 9.8810e+05 2.7108e+03 -1.6079e+01
8.5436e+05 9.8810e+05 2.7492e+03 -1.5953e+01
8.5443e+05 9.8810e+05 2.7784e+03 -1.6823e+01
8.5449e+05 9.8810e+05 2.7842e+03 -1.7040e+01
8.5456e+05 9.8810e+05 2.7531e+03 -1.6590e+01
8.5462e+05 9.8810e+05 2.7163e+03 -1.6715e+01
8.5469e+05 9.8810e+05 2.6963e+03 -1.6875e+01
8.5475e+05 9.8810e+05 2.7143e+03 -1.6469e+01
8.5482e+05 9.8810e+05 2.7325e+03 -1.6096e+01
8.5488e+05 9.8810e+05 2.7416e+03 -1.5727e+01
8.5495e+05 9.8810e+05 2.7355e+03 -1.5708e+01
8.5501e+05 9.8810e+05 2.6968e+03 -1.6047e+01
8.5508e+05 9.8810e+05 2.6508e+03 -1.6768e+01
8.5514e+05 9.8810e+05 2.6044e+03 -1.6369e+01
8.5521e+05 9.8810e+05 2.5645e+03 -1.5108e+01
8.5527e+05 9.8810e+05 2.5493e+03 -1.4285e+01
8.5534e+05 9.8810e+05 2.5470e+03 -1.3044e+01
8.5540e+05 9.8810e+05 2.5421e+03 -1.2157e+01
8.5547e+05 9.8810e+05 2.5206e+03 -1.0784e+01
8.5553e+05 9.8810e+05 2.5200e+03 -9.9157e+00
8.5365e+05 9.8817e+05 2.4080e+03 -1.1920e+01
8.5371e+05 9.8817e+05 2.3858e+03 -1.2569e+01
8.5378e+05 9.8817e+05 2.3935e+03 -1.3802e+01
8.5384e+05 9.8817e+05 2.4409e+03 -1.4726e+01
8.5391e+05 9.8817e+05 2.4668e+03 -1.4657e+01
8.5397e+05 9.8817e+05 2.4881e+03 -1.4274e+01
8.5404e+05 9.8817e+05 2.5475e+03 -1.4765e+01
8.5410e+05 9.8817e+05 2.5941e+03 -1.6004e+01
8.5417e+05 9.8817e+05 2.6458e+03 -1.6937e+01
8.5423e+05 9.8817e+05 2.6748e+03 -1.6522e+01
8.5430e+05 9.8817e+05 2.7050e+03 -1.5948e+01
8.5436e+05 9.8817e+05 2.7303e+03 -1.5870e+01
8.5443e+05 9.8817e+05 2.7607e+03 -1.6231e+01
8.5449e+05 9.8817e+05 2.7741e+03 -1.6589e+01
8.5456e+05 9.8817e+05 2.7495e+03 -1.6026e+01
8.5462e+05 9.8817e+05 2.7142e+03 -1.6757e+01
8.5469e+05 9.8817e+05 2.6983e+03 -1.6957e+01
8.5475e+05 9.8817e+05 2.7109e+03 -1.6507e+01
8.5482e+05 9.8817e+05 2.7304e+03 -1.6002e+01
8.5488e+05 9.8817e+05 2.7475e+03 -1.5447e+01
8.5495e+05 9.8817e+05 2.7517e+03 -1.5388e+01
8.5501e+05 9.8817e+05 2.7116e+03 -1.5678e+01
8.5508e+05 9.8817e+05 2.6648e+03 -1.6144e+01
8.5514e+05 9.8817e+05 2.6236e+03 -1.6955e+01
8.5521e+05 9.8817e+05 2.5831e+03 -1.5601e+01
8.5527e+05 9.8817e+05 2.5610e+03 -1.4326e+01
8.5534e+05 9.8817e+05 2.5502e+03 -1.2969e+01
8.5540e+05 9.8817e+05 2.5299e+03 -1.1960e+01
8.5547e+05 9.8817e+05 2.5207e+03 -1.0851e+01
8.5553e+05 9.8817e+05 2.5193e+03 -9.5375e+00
8.5365e+05 9.8823e+05 2.4113e+03 -1.1243e+01
8.5371e+05 9.8823e+05 2.4071e+03 -1.2501e+01
8.5378e+05 9.8823e+05 2.3957e+03 -1.3505e+01
8.5384e+05 9.8823e+05 2.4303e+03 -1.4987e+01
8.5391e+05 9.8823e+05 2.4717e+03 -1.4364e+01
8.5397e+05 9.8823e+05 2.5039e+03 -1.4503e+01
8.5404e+05 9.8823e+05 2.5387e+03 -1.4657e+01
8.5410e+05 9.8823e+05 2.5951e+03 -1.5703e+01
8.5417e+05 9.8823e+05 2.6308e+03 -1.7219e+01
8.5423e+05 9.8823e+05 2.6649e+03 -1.6408e+01
8.5430e+05 9.8823e+05 2.6879e+03 -1.6386e+01
8.5436e+05 9.8823e+05 2.7182e+03 -1.5705e+01
8.5443e+05 9.8823e+05 2.7414e+03 -1.5820e+01
8.5449e+05 9.8823e+05 2.7510e+03 -1.6219e+01
8.5456e+05 9.8823e+05 2.7388e+03 -1.5747e+01
8.5462e+05 9.8823e+05 2.7068e+03 -1.6566e+01
8.5469e+05 9.8823e+05 2.6944e+03 -1.6782e+01
8.5475e+05 9.8823e+05 2.7047e+03 -1.6518e+01
8.5482e+05 9.8823e+05 2.7244e+03 -1.5776e+01
8.5488e+05 9.8823e+05 2.7399e+03 -1.5473e+01
8.5495e+05 9.8823e+05 2.7447e+03 -1.5529e+01
8.5501e+05 9.8823e+05 2.7226e+03 -1.5065e+01
8.5508e+05 9.8823e+05 2.6806e+03 -1.5929e+01
8.5514e+05 9.8823e+05 2.6433e+03 -1.6648e+01
8.5521e+05 9.8823e+05 2.6060e+03 -1.5916e+01
8.5527e+05 9.8823e+05 2.5740e+03 -1.4137e+01
8.5534e+05 9.8823e+05 2.5430e+03 -1.3293e+01
8.5540e+05 9.8823e+05 2.5196e+03 -1.1606e+01
8.5547e+05 9.8823e+05 2.5184e+03 -1.0604e+01
8.5553e+05 9.8823e+05 2.5210e+03 -9.5146e+00
8.5365e+05 9.8830e+05 2.4089e+03 -1.1366e+01
8.5371e+05 9.8830e+05 2.4095e+03 -1.2807e+01
8.5378e+05 9.8830e+05 2.3927e+03 -1.3200e+01
8.5384e+05 9.8830e+05 2.4224e+03 -1.4754e+01
8.5391e+05 9.8830e+05 2.4607e+03 -1.4169e+01
8.5397e+05 9.8830e+05 2.5025e+03 -1.4296e+01
8.5404e+05 9.8830e+05 2.5410e+03 -1.4136e+01
8.5410e+05 9.8830e+05 2.5896e+03 -1.5691e+01
8.5417e+05 9.8830e+05 2.6081e+03 -1.6616e+01
8.5423e+05 9.8830e+05 2.6467e+03 -1.7098e+01
8.5430e+05 9.8830e+05 2.6614e+03 -1.6197e+01
8.5436e+05 9.8830e+05 2.6847e+03 -1.6622e+01
8.5443e+05 9.8830e+05 2.7106e+03 -1.5354e+01
8.5449e+05 9.8830e+05 2.7186e+03 -1.6047e+01
8.5456e+05 9.8830e+05 2.7137e+03 -1.6063e+01
8.5462e+05 9.8830e+05 2.6947e+03 -1.6436e+01
8.5469e+05 9.8830e+05 2.6785e+03 -1.6774e+01
8.5475e+05 9.8830e+05 2.6747e+03 -1.6522e+01
8.5482e+05 9.8830e+05 2.6969e+03 -1.6317e+01
8.5488e+05 9.8830e+05 2.7158e+03 -1.5533e+01
8.5495e+05 9.8830e+05 2.7168e+03 -1.5437e+01
8.5501e+05 9.8830e+05 2.7118e+03 -1.4934e+01
8.5508e+05 9.8830e+05 2.6907e+03 -1.5361e+01
8.5514e+05 9.8830e+05 2.6529e+03 -1.5851e+01
8.5521e+05 9.8830e+05 2.6120e+03 -1.5314e+01
8.5527e+05 9.8830e+05 2.5711e+03 -1.3972e+01
8.5534e+05 9.8830e+05 2.5318e+03 -1.2666e+01
8.5540e+05 9.8830e+05 2.5153e+03 -1.1540e+01
8.5547e+05 9.8830e+05 2.5171e+03 -1.0591e+01
8.5553e+05 9.8830e+05 2.5228e+03 -9.3468e+00
8.5365e+05 9.8837e+05 2.4173e+03 -1.1088e+01
8.5371e+05 9.8837e+05 2.4170e+03 -1.2756e+01
8.5378e+05 9.8837e+05 2.4048e+03 -1.3406e+01
8.5384e+05 9.8837e+05 2.4197e+03 -1.4176e+01
8.5391e+05 9.8837e+05 2.4442e+03 -1.4664e+01
8.5397e+05 9.8837e+05 2.4951e+03 -1.4082e+01
8.5404e+05 9.8837e+05 2.5261e+03 -1.3758e+01
8.5410e+05 9.8837e+05 2.5573e+03 -1.4401e+01
8.5417e+05 9.8837e+05 2.5844e+03 -1.5514e+01
8.5423e+05 9.8837e+05 2.6102e+03 -1.6513e+01
8.5430e+05 9.8837e+05 2.6405e+03 -1.6710e+01
8.5436e+05 9.8837e+05 2.6644e+03 -1.6461e+01
8.5443e+05 9.8837e+05 2.6772e+03 -1.6422e+01
8.5449e+05 9.8837e+05 2.6865e+03 -1.6265e+01
8.5456e+05 9.8837e+05 2.6825e+03 -1.6276e+01
8.5462e+05 9.8837e+05 2.6720e+03 -1.6476e+01
8.5469e+05 9.8837e+05 2.6596e+03 -1.6530e+01
8.5475e+05 9.8837e+05 2.6501e+03 -1.7301e+01
8.5482e+05 9.8837e+05 2.6626e+03 -1.6424e+01
8.5488e+05 9.8837e+05 2.6794e+03 -1.6170e+01
8.5495e+05 9.8837e+05 2.6881e+03 -1.5424e+01
8.5501e+05 9.8837e+05 2.6817e+03 -1.5607e+01
8.5508e+05 9.8837e+05 2.6602e+03 -1.5612e+01
8.5514e+05 9.8837e+05 2.6288e+03 -1.5650e+01
8.5521e+05 9.8837e+05 2.5941e+03 -1.4563e+01
8.5527e+05 9.8837e+05 2.5521e+03 -1.2968e+01
8.5534e+05 9.8837e+05 2.5208e+03 -1.2328e+01
8.5540e+05 9.8837e+05 2.5131e+03 -1.1457e+01
8.5547e+05 9.8837e+05 2.5172e+03 -1.0223e+01
8.5553e+05 9.8837e+05 2.5248e+03 -8.9907e+00
8.5365e+05 9.8843e+05 2.4018e+03 -1.0681e+01
8.5371e+05 9.8843e+05 2.4183e+03 -1.2443e+01
8.5378e+05 9.8843e+05 2.4103e+03 -1.2907e+01
8.5384e+05 9.8843e+05 2.4093e+03 -1.3337e+01
8.5391e+05 9.8843e+05 2.4317e+03 -1.4135e+01
8.5397e+05 9.8843e+05 2.4714e+03 -1.3495e+01
8.5404e+05 9.8843e+05 2.5058e+03 -1.3252e+01
8.5410e+05 9.8843e+05 2.5380e+03 -1.3968e+01
8.5417e+05 9.8843e+05 2.5610e+03 -1.4158e+01
8.5423e+05 9.8843e+05 2.5971e+03 -1.5693e+01
8.5430e+05 9.8843e+05 2.6210e+03 -1.6361e+01
8.5436e+05 9.8843e+05 2.6419e+03 -1.6011e+01
8.5443e+05 9.8843e+05 2.6618e+03 -1.5824e+01
8.5449e+05 9.8843e+05 2.6570e+03 -1.6163e+01
8.5456e+05 9.8843e+05 2.6467e+03 -1.6307e+01
8.5462e+05 9.8843e+05 2.6449e+03 -1.6503e+01
8.5469e+05 9.8843e+05 2.6392e+03 -1.6714e+01
8.5475e+05 9.8843e+05 2.6196e+03 -1.6844e+01
8.5482e+05 9.8843e+05 2.6197e+03 -1.6728e+01
8.5488e+05 9.8843e+05 2.6316e+03 -1.6745e+01
8.5495e+05 9.8843e+05 2.6383e+03 -1.6495e+01
8.5501e+05 9.8843e+05 2.6319e+03 -1.6192e+01
8.5508e+05 9.8843e+05 2.6195e+03 -1.5607e+01
8.5514e+05 9.8843e+05 2.5892e+03 -1.4491e+01
8.5521e+05 9.8843e+05 2.5576e+03 -1.3320e+01
8.5527e+05 9.8843e+05 2.5260e+03 -1.2110e+01
8.5534e+05 9.8843e+05 2.5167e+03 -1.1795e+01
8.5540e+05 9.8843e+05 2.5150e+03 -1.0977e+01
8.5547e+05 9.8843e+05 2.5197e+03 -9.9771e+00
8.5553e+05 9.8843e+05 2.5399e+03 -8.8560e+00
8.5365e+05 9.8850e+05 2.3987e+03 -9.7137e+00
8.5371e+05 9.8850e+05 2.4188e+03 -1.1632e+01
8.5378e+05 9.8850e+05 2.4189e+03 -1.2018e+01
8.5384e+05 9.8850e+05 2.4080e+03 -1.2641e+01
8.5391e+05 9.8850e+05 2.4288e+03 -1.3372e+01
8.5397e+05 9.8850e+05 2.4590e+03 -1.3197e+01
8.5404e+05 9.8850e+05 2.4856e+03 -1.2947e+01
8.5410e+05 9.8850e+05 2.5176e+03 -1.2712e+01
8.5417e+05 9.8850e+05 2.5399e+03 -1.2981e+01
8.5423e+05 9.8850e+05 2.5709e+03 -1.3795e+01
8.5430e+05 9.8850e+05 2.5978e+03 -1.4821e+01
8.5436e+05 9.8850e+05 2.6164e+03 -1.5743e+01
8.5443e+05 9.8850e+05 2.6225e+03 -1.5974e+01
8.5449e+05 9.8850e+05 2.6314e+03 -1.5813e+01
8.5456e+05 9.8850e+05 2.6278e+03 -1.6129e+01
8.5462e+05 9.8850e+05 2.6233e+03 -1.6342e+01
8.5469e+05 9.8850e+05 2.6118e+03 -1.5843e+01
8.5475e+05 9.8850e+05 2.5935e+03 -1.4974e+01
8.5482e+05 9.8850e+05 2.5851e+03 -1.4809e+01
8.5488e+05 9.8850e+05 2.5748e+03 -1.4736e+01
8.5495e+05 9.8850e+05 2.5798e+03 -1.4267e+01
8.5501e+05 9.8850e+05 2.5778e+03 -1.4142e+01
8.5508e+05 9.8850e+05 2.5647e+03 -1.3608e+01
8.5514e+05 9.8850e+05 2.5567e+03 -1.2916e+01
8.5521e+05 9.8850e+05 2.5297e+03 -1.2043e+01
8.5527e+05 9.8850e+05 2.5172e+03 -1.1376e+01
8.5534e+05 9.8850e+05 2.5150e+03 -1.1191e+01
8.5540e+05 9.8850e+05 2.5177e+03 -1.0658e+01
8.5547e+05 9.8850e+05 2.5261e+03 -9.4193e+00
8.5553e+05 9.8850e+05 2.5515e+03 -8.3017e+00
8.5365e+05 9.8856e+05 2.3889e+03 -8.7234e+00
8.5371e+05 9.8856e+05 2.4091e+03 -1.0506e+01
8.5378e+05 9.8856e+05 2.4193e+03 -1.1312e+01
8.5384e+05 9.8856e+05 2.4088e+03 -1.1056e+01
8.5391e+05 9.8856e+05 2.4217e+03 -1.2251e+01
8.5397e+05 9.8856e+05 2.4443e+03 -1.2448e+01
8.5404e+05 9.8856e+05 2.4712e+03 -1.2024e+01
8.5410e+05 9.8856e+05 2.4912e+03 -1.2201e+01
8.5417e+05 9.8856e+05 2.5160e+03 -1.2039e+01
8.5423e+05 9.8856e+05 2.5419e+03 -1.2268e+01
8.5430e+05 9.8856e+05 2.5605e+03 -1.3131e+01
8.5436e+05 9.8856e+05 2.5787e+03 -1.3160e+01
8.5443e+05 9.8856e+05 2.5898e+03 -1.3743e+01
8.5449e+05 9.8856e+05 2.5974e+03 -1.4387e+01
8.5456e+05 9.8856e+05 2.6093e+03 -1.4657e+01
8.5462e+05 9.8856e+05 2.6052e+03 -1.4579e+01
8.5469e+05 9.8856e+05 2.5805e+03 -1.3444e+01
8.5475e+05 9.8856e+05 2.5701e+03 -1.3306e+01
8.5482e+05 9.8856e+05 2.5559e+03 -1.3308e+01
8.5488e+05 9.8856e+05 2.5410e+03 -1.2796e+01
8.5495e+05 9.8856e+05 2.5396e+03 -1.2509e+01
8.5501e+05 9.8856e+05 2.5396e+03 -1.2158e+01
8.5508e+05 9.8856e+05 2.5434e+03 -1.1698e+01
8.5514e+05 9.8856e+05 2.5358e+03 -1.1435e+01
8.5521e+05 9.8856e+05 2.5150e+03 -1.0741e+01
8.5527e+05 9.8856e+05 2.5145e+03 -1.0565e+01
8.5534e+05 9.8856e+05 2.5185e+03 -1.0057e+01
8.5540e+05 9.8856e+05 2.5247e+03 -9.6013e+00
8.5547e+05 9.8856e+05 2.5354e+03 -8.6401e+00
8.5553e+05 9.8856e+05 2.5633e+03 -8.1575e+00
