OBJECTID;Id;POINT_X;POINT_Y;POINT_Z;POINT_M;RASTERVALU
1;0;853646,789100000052713;987574,588800000026822;2248,857080260000203;nan;-4,0105910
2;0;853711,789100000052713;987574,588800000026822;2298,202236239999820;nan;-4,1459813
3;0;853776,789100000052713;987574,588800000026822;2331,124317650000194;nan;-4,4705853
4;0;853841,789100000052713;987574,588800000026822;2369,590613639999901;nan;-4,7726245
5;0;853906,789100000052713;987574,588800000026822;2412,415244180000172;nan;-5,1250033
6;0;853971,789100000052713;987574,588800000026822;2460,793171079999865;nan;-5,4131937
7;0;854036,789100000052713;987574,588800000026822;2495,245813449999787;nan;-5,7171016
8;0;854101,789100000052713;987574,588800000026822;2525,622900230000141;nan;-5,9775939
9;0;854166,789100000052713;987574,588800000026822;2583,997372270000142;nan;-6,2815018
10;0;854231,789100000052713;987574,588800000026822;2630,885930720000033;nan;-6,4528322
11;0;854296,789100000052713;987574,588800000026822;2676,544595209999898;nan;-6,6319132
12;0;854361,789100000052713;987574,588800000026822;2702,567137080000066;nan;-6,7854109
13;0;854426,789100000052713;987574,588800000026822;2694,575775539999995;nan;-6,9314303
14;0;854491,789100000052713;987574,588800000026822;2675,765754550000111;nan;-6,9857450
15;0;854556,789100000052713;987574,588800000026822;2653,281720689999929;nan;-7,0491118
16;0;854621,789100000052713;987574,588800000026822;2628,324507910000193;nan;-7,1034260
17;0;854686,789100000052713;987574,588800000026822;2606,510909709999851;nan;-7,1278648
18;0;854751,789100000052713;987574,588800000026822;2586,872338050000053;nan;-7,1354651
19;0;854816,789100000052713;987574,588800000026822;2584,242110549999779;nan;-7,1443324
20;0;854881,789100000052713;987574,588800000026822;2590,346071070000107;nan;-7,1196046
21;0;854946,789100000052713;987574,588800000026822;2571,790617499999826;nan;-6,9021740
22;0;855011,789100000052713;987574,588800000026822;2530,250478620000194;nan;-6,7158051
23;0;855076,789100000052713;987574,588800000026822;2491,535857639999904;nan;-6,4983749
24;0;855141,789100000052713;987574,588800000026822;2456,193481480000173;nan;-6,0563073
25;0;855206,789100000052713;987574,588800000026822;2450,951414229999955;nan;-5,3914042
26;0;855271,789100000052713;987574,588800000026822;2453,273688249999850;nan;-4,8214874
27;0;855336,789100000052713;987574,588800000026822;2457,788628780000181;nan;-4,1268830
28;0;855401,789100000052713;987574,588800000026822;2472,038299389999793;nan;-3,3787587
29;0;855466,789100000052713;987574,588800000026822;2490,865291699999943;nan;-2,5059471
30;0;855531,789100000052713;987574,588800000026822;2532,701480969999920;nan;-1,7578230
31;0;853646,789100000052713;987640,588800000026822;2248,739328560000104;nan;-4,1062956
32;0;853711,789100000052713;987640,588800000026822;2299,584217380000155;nan;-4,2770486
33;0;853776,789100000052713;987640,588800000026822;2341,233217139999851;nan;-4,6224551
34;0;853841,789100000052713;987640,588800000026822;2381,759754340000200;nan;-4,9394031
35;0;853906,789100000052713;987640,588800000026822;2414,160221009999987;nan;-5,3091760
36;0;853971,789100000052713;987640,588800000026822;2468,888787970000067;nan;-5,6129866
37;0;854036,789100000052713;987640,588800000026822;2504,990191679999953;nan;-5,9367785
38;0;854101,789100000052713;987640,588800000026822;2546,735100559999864;nan;-6,2143140
39;0;854166,789100000052713;987640,588800000026822;2592,223925169999802;nan;-6,5381060
40;0;854231,789100000052713;987640,588800000026822;2638,134303549999913;nan;-6,7170701
41;0;854296,789100000052713;987640,588800000026822;2702,513045119999788;nan;-6,9028621
42;0;854361,789100000052713;987640,588800000026822;2737,035516760000064;nan;-7,0621123
43;0;854426,789100000052713;987640,588800000026822;2732,402116700000079;nan;-7,2122593
44;0;854491,789100000052713;987640,588800000026822;2708,553861949999828;nan;-7,2645760
45;0;854556,789100000052713;987640,588800000026822;2674,504471449999983;nan;-7,3256116
46;0;854621,789100000052713;987640,588800000026822;2648,540720309999870;nan;-7,3779283
47;0;854686,789100000052713;987640,588800000026822;2620,657936699999937;nan;-7,4102674
48;0;854751,789100000052713;987640,588800000026822;2596,857966089999991;nan;-7,4281473
49;0;854816,789100000052713;987640,588800000026822;2591,000000000000000;nan;-7,4490075
50;0;854881,789100000052713;987640,588800000026822;2592,021778719999929;nan;-7,4349141
51;0;854946,789100000052713;987640,588800000026822;2576,622159470000042;nan;-7,2319598
52;0;855011,789100000052713;987640,588800000026822;2536,398291850000078;nan;-7,0579987
53;0;855076,789100000052713;987640,588800000026822;2496,818360199999915;nan;-6,8550439
54;0;855141,789100000052713;987640,588800000026822;2465,537056690000099;nan;-6,4040990
55;0;855206,789100000052713;987640,588800000026822;2471,604065110000192;nan;-5,7164221
56;0;855271,789100000052713;987640,588800000026822;2487,546242160000020;nan;-5,1269846
57;0;855336,789100000052713;987640,588800000026822;2486,158756859999812;nan;-4,4101248
58;0;855401,789100000052713;987640,588800000026822;2481,012107290000131;nan;-3,6455901
59;0;855466,789100000052713;987640,588800000026822;2488,424434229999861;nan;-2,7536330
60;0;855531,789100000052713;987640,588800000026822;2505,406045910000103;nan;-1,9890984
61;0;853646,789100000052713;987706,588800000026822;2269,672425730000214;nan;-4,2179513
62;0;853711,789100000052713;987706,588800000026822;2301,086351299999933;nan;-4,4299603
63;0;853776,789100000052713;987706,588800000026822;2343,192363879999903;nan;-4,7996368
64;0;853841,789100000052713;987706,588800000026822;2381,587932070000079;nan;-5,1339784
65;0;853906,789100000052713;987706,588800000026822;2431,385115120000137;nan;-5,5240436
66;0;853971,789100000052713;987706,588800000026822;2480,337541760000022;nan;-5,8460784
67;0;854036,789100000052713;987706,588800000026822;2515,770027670000218;nan;-6,1930680
68;0;854101,789100000052713;987706,588800000026822;2545,092915270000049;nan;-6,4904876
69;0;854166,789100000052713;987706,588800000026822;2606,642876920000162;nan;-6,8374772
70;0;854231,789100000052713;987706,588800000026822;2672,069782909999958;nan;-7,0253482
71;0;854296,789100000052713;987706,588800000026822;2726,488729690000127;nan;-7,2189693
72;0;854361,789100000052713;987706,588800000026822;2746,922159950000150;nan;-7,3849301
73;0;854426,789100000052713;987706,588800000026822;2744,574109010000029;nan;-7,5398932
74;0;854491,789100000052713;987706,588800000026822;2721,285298140000123;nan;-7,5898786
75;0;854556,789100000052713;987706,588800000026822;2691,731343689999903;nan;-7,6481953
76;0;854621,789100000052713;987706,588800000026822;2655,524824569999964;nan;-7,6981807
77;0;854686,789100000052713;987706,588800000026822;2625,406160449999788;nan;-7,7397370
78;0;854751,789100000052713;987706,588800000026822;2610,754833190000227;nan;-7,7696099
79;0;854816,789100000052713;987706,588800000026822;2597,649654129999817;nan;-7,8044620
80;0;854881,789100000052713;987706,588800000026822;2592,600542130000122;nan;-7,8027754
81;0;854946,789100000052713;987706,588800000026822;2574,729467279999881;nan;-7,6167097
82;0;855011,789100000052713;987706,588800000026822;2539,562469909999891;nan;-7,4572244
83;0;855076,789100000052713;987706,588800000026822;2500,625325210000028;nan;-7,2711582
84;0;855141,789100000052713;987706,588800000026822;2473,530651839999791;nan;-6,8098559
85;0;855206,789100000052713;987706,588800000026822;2476,378703750000113;nan;-6,0956092
86;0;855271,789100000052713;987706,588800000026822;2506,319848180000008;nan;-5,4833980
87;0;855336,789100000052713;987706,588800000026822;2510,959818809999888;nan;-4,7405734
88;0;855401,789100000052713;987706,588800000026822;2502,394722609999917;nan;-3,9568934
89;0;855466,789100000052713;987706,588800000026822;2504,958442050000031;nan;-3,0425999
90;0;855531,789100000052713;987706,588800000026822;2516,939119010000013;nan;-2,2589197
91;0;853646,789100000052713;987772,588800000026822;2300,911881210000047;nan;-4,3030725
92;0;853711,789100000052713;987772,588800000026822;2325,310438059999797;nan;-4,5535278
93;0;853776,789100000052713;987772,588800000026822;2356,986071629999969;nan;-4,9521813
94;0;853841,789100000052713;987772,588800000026822;2376,125462940000034;nan;-5,3090925
95;0;853906,789100000052713;987772,588800000026822;2422,539467940000122;nan;-5,7254887
96;0;853971,789100000052713;987772,588800000026822;2489,230203640000127;nan;-6,0701032
97;0;854036,789100000052713;987772,588800000026822;2522,340012170000136;nan;-6,4434624
98;0;854101,789100000052713;987772,588800000026822;2553,957991539999966;nan;-6,7634845
99;0;854166,789100000052713;987772,588800000026822;2630,136171929999819;nan;-7,1368437
100;0;854231,789100000052713;987772,588800000026822;2678,321645810000064;nan;-7,3338470
101;0;854296,789100000052713;987772,588800000026822;2717,368730250000226;nan;-7,5349803
102;0;854361,789100000052713;987772,588800000026822;2748,974254039999778;nan;-7,7073798
103;0;854426,789100000052713;987772,588800000026822;2756,371827680000024;nan;-7,8698878
104;0;854491,789100000052713;987772,588800000026822;2734,491413700000066;nan;-7,9264126
105;0;854556,789100000052713;987772,588800000026822;2699,589651820000199;nan;-7,9923582
106;0;854621,789100000052713;987772,588800000026822;2664,634234680000191;nan;-8,0488825
107;0;854686,789100000052713;987772,588800000026822;2637,708704329999819;nan;-8,0771379
108;0;854751,789100000052713;987772,588800000026822;2636,423143070000151;nan;-8,0884342
109;0;854816,789100000052713;987772,588800000026822;2628,813786879999952;nan;-8,1016140
110;0;854881,789100000052713;987772,588800000026822;2613,178765159999784;nan;-8,0825491
111;0;854946,789100000052713;987772,588800000026822;2598,869904990000123;nan;-7,8832030
112;0;855011,789100000052713;987772,588800000026822;2557,890876410000146;nan;-7,7123351
113;0;855076,789100000052713;987772,588800000026822;2523,537406829999782;nan;-7,5129886
114;0;855141,789100000052713;987772,588800000026822;2492,653834209999786;nan;-7,0454183
115;0;855206,789100000052713;987772,588800000026822;2478,876842310000029;nan;-6,3268437
116;0;855271,789100000052713;987772,588800000026822;2494,530668070000047;nan;-5,7109227
117;0;855336,789100000052713;987772,588800000026822;2515,931722849999915;nan;-4,9635568
118;0;855401,789100000052713;987772,588800000026822;2521,548106130000178;nan;-4,1748843
119;0;855466,789100000052713;987772,588800000026822;2521,313148209999781;nan;-3,2547672
120;0;855531,789100000052713;987772,588800000026822;2528,954567060000045;nan;-2,4660952
121;0;853646,789100000052713;987838,588800000026822;2308,066187920000175;nan;-4,3589759
122;0;853711,789100000052713;987838,588800000026822;2328,303926860000047;nan;-4,6405787
123;0;853776,789100000052713;987838,588800000026822;2370,115628930000184;nan;-5,0670958
124;0;853841,789100000052713;987838,588800000026822;2395,460785499999929;nan;-5,4466791
125;0;853906,789100000052713;987838,588800000026822;2427,379123050000089;nan;-5,8895264
126;0;853971,789100000052713;987838,588800000026822;2479,174679310000101;nan;-6,2562966
127;0;854036,789100000052713;987838,588800000026822;2513,830320890000166;nan;-6,6542969
128;0;854101,789100000052713;987838,588800000026822;2573,060744819999854;nan;-6,9954405
129;0;854166,789100000052713;987838,588800000026822;2629,669533109999975;nan;-7,3934407
130;0;854231,789100000052713;987838,588800000026822;2685,940091240000129;nan;-7,5984173
131;0;854296,789100000052713;987838,588800000026822;2721,648610480000116;nan;-7,8057847
132;0;854361,789100000052713;987838,588800000026822;2750,966513339999892;nan;-7,9835277
133;0;854426,789100000052713;987838,588800000026822;2767,431474699999853;nan;-8,1542578
134;0;854491,789100000052713;987838,588800000026822;2743,851855089999844;nan;-8,2220898
135;0;854556,789100000052713;987838,588800000026822;2710,885871699999825;nan;-8,3012276
136;0;854621,789100000052713;987838,588800000026822;2677,750606539999808;nan;-8,3690596
137;0;854686,789100000052713;987838,588800000026822;2657,154175870000017;nan;-8,3714380
138;0;854751,789100000052713;987838,588800000026822;2662,851670540000214;nan;-8,3471594
139;0;854816,789100000052713;987838,588800000026822;2657,205913910000163;nan;-8,3188353
140;0;854881,789100000052713;987838,588800000026822;2649,218638830000145;nan;-8,2657280
141;0;854946,789100000052713;987838,588800000026822;2627,097310569999991;nan;-8,0356045
142;0;855011,789100000052713;987838,588800000026822;2585,096169479999844;nan;-7,8383555
143;0;855076,789100000052713;987838,588800000026822;2545,383119019999867;nan;-7,6082320
144;0;855141,789100000052713;987838,588800000026822;2510,826712730000054;nan;-7,1379185
145;0;855206,789100000052713;987838,588800000026822;2490,228401540000050;nan;-6,4299321
146;0;855271,789100000052713;987838,588800000026822;2490,259419869999874;nan;-5,8230867
147;0;855336,789100000052713;987838,588800000026822;2505,332670480000161;nan;-5,0855994
148;0;855401,789100000052713;987838,588800000026822;2525,949413740000182;nan;-4,3017478
149;0;855466,789100000052713;987838,588800000026822;2528,817120570000043;nan;-3,3872535
150;0;855531,789100000052713;987838,588800000026822;2526,155007599999863;nan;-2,6034017
151;0;853646,789100000052713;987904,588800000026822;2331,126108630000090;nan;-4,4241967
152;0;853711,789100000052713;987904,588800000026822;2371,413441419999799;nan;-4,7421384
153;0;853776,789100000052713;987904,588800000026822;2383,435861890000069;nan;-5,2011628
154;0;853841,789100000052713;987904,588800000026822;2422,087224160000005;nan;-5,6071973
155;0;853906,789100000052713;987904,588800000026822;2436,475944270000127;nan;-6,0809040
156;0;853971,789100000052713;987904,588800000026822;2490,910211379999964;nan;-6,4735217
157;0;854036,789100000052713;987904,588800000026822;2501,236186380000163;nan;-6,9002705
158;0;854101,789100000052713;987904,588800000026822;2585,849303689999942;nan;-7,2660556
159;0;854166,789100000052713;987904,588800000026822;2650,169709150000017;nan;-7,6928043
160;0;854231,789100000052713;987904,588800000026822;2681,533254899999974;nan;-7,9070830
161;0;854296,789100000052713;987904,588800000026822;2719,454792219999945;nan;-8,1217232
162;0;854361,789100000052713;987904,588800000026822;2760,676698180000130;nan;-8,3057003
163;0;854426,789100000052713;987904,588800000026822;2776,951348139999936;nan;-8,4860229
164;0;854491,789100000052713;987904,588800000026822;2755,886769549999826;nan;-8,5670471
165;0;854556,789100000052713;987904,588800000026822;2721,688737179999862;nan;-8,6615744
166;0;854621,789100000052713;987904,588800000026822;2694,023095359999843;nan;-8,7425985
167;0;854686,789100000052713;987904,588800000026822;2677,250305760000174;nan;-8,7147875
168;0;854751,789100000052713;987904,588800000026822;2687,111630590000004;nan;-8,6490059
169;0;854816,789100000052713;987904,588800000026822;2690,999507919999814;nan;-8,5722599
170;0;854881,789100000052713;987904,588800000026822;2678,656533620000118;nan;-8,4794369
171;0;854946,789100000052713;987904,588800000026822;2652,132049480000205;nan;-8,2134066
172;0;855011,789100000052713;987904,588800000026822;2605,151313240000036;nan;-7,9853797
173;0;855076,789100000052713;987904,588800000026822;2565,402291880000121;nan;-7,7193489
174;0;855141,789100000052713;987904,588800000026822;2537,349498990000029;nan;-7,2458353
175;0;855206,789100000052713;987904,588800000026822;2507,674108080000224;nan;-6,5502019
176;0;855271,789100000052713;987904,588800000026822;2497,095447900000181;nan;-5,9539452
177;0;855336,789100000052713;987904,588800000026822;2502,782861799999864;nan;-5,2279830
178;0;855401,789100000052713;987904,588800000026822;2519,703332420000152;nan;-4,4497542
179;0;855466,789100000052713;987904,588800000026822;2526,728963959999874;nan;-3,5418210
180;0;855531,789100000052713;987904,588800000026822;2518,254157670000041;nan;-2,7635925
181;0;853646,789100000052713;987970,588800000026822;2354,253250270000080;nan;-4,4800997
182;0;853711,789100000052713;987970,588800000026822;2345,727251230000093;nan;-4,8291893
183;0;853776,789100000052713;987970,588800000026822;2389,501607740000054;nan;-5,3160777
184;0;853841,789100000052713;987970,588800000026822;2413,346111830000154;nan;-5,7447844
185;0;853906,789100000052713;987970,588800000026822;2449,302516570000080;nan;-6,2449422
186;0;853971,789100000052713;987970,588800000026822;2479,101746859999821;nan;-6,6597152
187;0;854036,789100000052713;987970,588800000026822;2514,768187489999946;nan;-7,1111054
188;0;854101,789100000052713;987970,588800000026822;2602,010065429999941;nan;-7,4980111
189;0;854166,789100000052713;987970,588800000026822;2649,621005429999968;nan;-7,9494014
190;0;854231,789100000052713;987970,588800000026822;2688,100100159999784;nan;-8,1716528
191;0;854296,789100000052713;987970,588800000026822;2726,927747990000171;nan;-8,3925276
192;0;854361,789100000052713;987970,588800000026822;2768,709286180000163;nan;-8,5818491
193;0;854426,789100000052713;987970,588800000026822;2779,293497229999957;nan;-8,7703934
194;0;854491,789100000052713;987970,588800000026822;2770,783678639999835;nan;-8,8627243
195;0;854556,789100000052713;987970,588800000026822;2737,987834959999873;nan;-8,9704437
196;0;854621,789100000052713;987970,588800000026822;2708,055093089999900;nan;-9,0627747
197;0;854686,789100000052713;987970,588800000026822;2682,884946199999831;nan;-9,0090876
198;0;854751,789100000052713;987970,588800000026822;2688,348184169999968;nan;-8,9077311
199;0;854816,789100000052713;987970,588800000026822;2707,718668290000096;nan;-8,7894812
200;0;854881,789100000052713;987970,588800000026822;2703,132895929999904;nan;-8,6626158
201;0;854946,789100000052713;987970,588800000026822;2677,523913179999909;nan;-8,3658075
202;0;855011,789100000052713;987970,588800000026822;2634,248384019999776;nan;-8,1114006
203;0;855076,789100000052713;987970,588800000026822;2592,822219940000195;nan;-7,8145919
204;0;855141,789100000052713;987970,588800000026822;2556,119470919999912;nan;-7,3383355
205;0;855206,789100000052713;987970,588800000026822;2520,930753180000011;nan;-6,6532903
206;0;855271,789100000052713;987970,588800000026822;2506,900611160000153;nan;-6,0661092
207;0;855336,789100000052713;987970,588800000026822;2509,912097519999861;nan;-5,3500261
208;0;855401,789100000052713;987970,588800000026822;2514,358074520000173;nan;-4,5766177
209;0;855466,789100000052713;987970,588800000026822;2521,103156659999968;nan;-3,6743073
210;0;855531,789100000052713;987970,588800000026822;2518,381334080000215;nan;-2,9008987
211;0;853646,789100000052713;988036,588800000026822;2374,801019779999933;nan;-4,3649735
212;0;853711,789100000052713;988036,588800000026822;2368,541289230000075;nan;-4,7382112
213;0;853776,789100000052713;988036,588800000026822;2392,271445089999816;nan;-5,2519784
214;0;853841,789100000052713;988036,588800000026822;2419,609740649999821;nan;-5,7035394
215;0;853906,789100000052713;988036,588800000026822;2445,590557099999842;nan;-6,2303605
216;0;853971,789100000052713;988036,588800000026822;2476,685030310000002;nan;-6,6678553
217;0;854036,789100000052713;988036,588800000026822;2523,715813270000126;nan;-7,1454439
218;0;854101,789100000052713;988036,588800000026822;2603,638346189999993;nan;-7,5548053
219;0;854166,789100000052713;988036,588800000026822;2642,633052709999902;nan;-8,0323944
220;0;854231,789100000052713;988036,588800000026822;2689,430176469999878;nan;-8,2375078
221;0;854296,789100000052713;988036,588800000026822;2730,666109710000001;nan;-8,4291487
222;0;854361,789100000052713;988036,588800000026822;2756,640489649999836;nan;-8,5934114
223;0;854426,789100000052713;988036,588800000026822;2777,930024109999977;nan;-8,7531633
224;0;854491,789100000052713;988036,588800000026822;2781,149067490000107;nan;-8,8217564
225;0;854556,789100000052713;988036,588800000026822;2748,960843310000200;nan;-8,9017830
226;0;854621,789100000052713;988036,588800000026822;2708,110913720000099;nan;-8,9703770
227;0;854686,789100000052713;988036,588800000026822;2691,179582019999998;nan;-8,9081535
228;0;854751,789100000052713;988036,588800000026822;2698,981917919999887;nan;-8,8060474
229;0;854816,789100000052713;988036,588800000026822;2720,278763230000095;nan;-8,6869230
230;0;854881,789100000052713;988036,588800000026822;2722,282091489999857;nan;-8,5602531
231;0;854946,789100000052713;988036,588800000026822;2707,085109269999975;nan;-8,2691813
232;0;855011,789100000052713;988036,588800000026822;2662,415433669999857;nan;-8,0196905
233;0;855076,789100000052713;988036,588800000026822;2621,052510970000185;nan;-7,7286186
234;0;855141,789100000052713;988036,588800000026822;2581,584834620000038;nan;-7,2651024
235;0;855206,789100000052713;988036,588800000026822;2541,446089900000061;nan;-6,5994854
236;0;855271,789100000052713;988036,588800000026822;2524,820729170000050;nan;-6,0289569
237;0;855336,789100000052713;988036,588800000026822;2525,735352690000127;nan;-5,3339601
238;0;855401,789100000052713;988036,588800000026822;2526,658647220000148;nan;-4,5871515
239;0;855466,789100000052713;988036,588800000026822;2521,728158039999926;nan;-3,7158751
240;0;855531,789100000052713;988036,588800000026822;2517,208183390000158;nan;-2,9690669
241;0;853646,789100000052713;988102,588800000026822;2400,449020680000103;nan;-4,2498474
242;0;853711,789100000052713;988102,588800000026822;2372,962537360000169;nan;-4,6472325
243;0;853776,789100000052713;988102,588800000026822;2392,460320929999853;nan;-5,1878786
244;0;853841,789100000052713;988102,588800000026822;2429,217617169999812;nan;-5,6622944
245;0;853906,789100000052713;988102,588800000026822;2454,868444920000002;nan;-6,2157788
246;0;853971,789100000052713;988102,588800000026822;2481,590709090000018;nan;-6,6759953
247;0;854036,789100000052713;988102,588800000026822;2527,180163859999993;nan;-7,1797824
248;0;854101,789100000052713;988102,588800000026822;2596,453075330000047;nan;-7,6115999
249;0;854166,789100000052713;988102,588800000026822;2637,485560680000162;nan;-8,1153870
250;0;854231,789100000052713;988102,588800000026822;2671,789250079999874;nan;-8,3033619
251;0;854296,789100000052713;988102,588800000026822;2705,799996900000224;nan;-8,4657688
252;0;854361,789100000052713;988102,588800000026822;2744,219284989999778;nan;-8,6049747
253;0;854426,789100000052713;988102,588800000026822;2773,357195560000036;nan;-8,7359324
254;0;854491,789100000052713;988102,588800000026822;2779,175660349999816;nan;-8,7807894
255;0;854556,789100000052713;988102,588800000026822;2748,121607839999797;nan;-8,8331223
256;0;854621,789100000052713;988102,588800000026822;2711,319392100000186;nan;-8,8779793
257;0;854686,789100000052713;988102,588800000026822;2691,337472619999971;nan;-8,8072186
258;0;854751,789100000052713;988102,588800000026822;2709,345962599999893;nan;-8,7043638
259;0;854816,789100000052713;988102,588800000026822;2727,499419310000121;nan;-8,5843658
260;0;854881,789100000052713;988102,588800000026822;2736,614352189999863;nan;-8,4578905
261;0;854946,789100000052713;988102,588800000026822;2730,548920010000074;nan;-8,1725540
262;0;855011,789100000052713;988102,588800000026822;2691,782770450000044;nan;-7,9279809
263;0;855076,789100000052713;988102,588800000026822;2645,792720190000182;nan;-7,6426449
264;0;855141,789100000052713;988102,588800000026822;2599,368979670000044;nan;-7,1918697
265;0;855206,789100000052713;988102,588800000026822;2559,539092699999856;nan;-6,5456805
266;0;855271,789100000052713;988102,588800000026822;2544,284460570000192;nan;-5,9918046
267;0;855336,789100000052713;988102,588800000026822;2542,016621239999949;nan;-5,3178935
268;0;855401,789100000052713;988102,588800000026822;2537,099464420000004;nan;-4,5976853
269;0;855466,789100000052713;988102,588800000026822;2515,641141340000104;nan;-3,7574430
270;0;855531,789100000052713;988102,588800000026822;2515,000000000000000;nan;-3,0372348
271;0;853646,789100000052713;988168,588800000026822;2403,033501880000131;nan;-4,1511679
272;0;853711,789100000052713;988168,588800000026822;2380,776794899999913;nan;-4,5692511
273;0;853776,789100000052713;988168,588800000026822;2388,484236379999857;nan;-5,1329365
274;0;853841,789100000052713;988168,588800000026822;2435,947875010000189;nan;-5,6269417
275;0;853906,789100000052713;988168,588800000026822;2461,846529420000024;nan;-6,2032804
276;0;853971,789100000052713;988168,588800000026822;2483,079572170000120;nan;-6,6829724
277;0;854036,789100000052713;988168,588800000026822;2542,546007179999833;nan;-7,2092156
278;0;854101,789100000052713;988168,588800000026822;2589,129373700000087;nan;-7,6602807
279;0;854166,789100000052713;988168,588800000026822;2640,828014149999944;nan;-8,1865244
280;0;854231,789100000052713;988168,588800000026822;2669,792024970000057;nan;-8,3598080
281;0;854296,789100000052713;988168,588800000026822;2699,983861080000224;nan;-8,4971581
282;0;854361,789100000052713;988168,588800000026822;2725,306434449999870;nan;-8,6148863
283;0;854426,789100000052713;988168,588800000026822;2755,660508349999873;nan;-8,7211637
284;0;854491,789100000052713;988168,588800000026822;2769,132155459999922;nan;-8,7456741
285;0;854556,789100000052713;988168,588800000026822;2744,544866209999782;nan;-8,7742701
286;0;854621,789100000052713;988168,588800000026822;2709,202133130000220;nan;-8,7987814
287;0;854686,789100000052713;988168,588800000026822;2693,323464380000132;nan;-8,7207041
288;0;854751,789100000052713;988168,588800000026822;2705,944555319999836;nan;-8,6172056
289;0;854816,789100000052713;988168,588800000026822;2725,394178370000191;nan;-8,4964590
290;0;854881,789100000052713;988168,588800000026822;2742,517981890000101;nan;-8,3701506
291;0;854946,789100000052713;988168,588800000026822;2746,695299689999956;nan;-8,0897312
292;0;855011,789100000052713;988168,588800000026822;2706,571657959999811;nan;-7,8493724
293;0;855076,789100000052713;988168,588800000026822;2659,821172490000208;nan;-7,5689535
294;0;855141,789100000052713;988168,588800000026822;2618,592000889999781;nan;-7,1290984
295;0;855206,789100000052713;988168,588800000026822;2578,073945139999978;nan;-6,4995623
296;0;855271,789100000052713;988168,588800000026822;2556,046357379999790;nan;-5,9599595
297;0;855336,789100000052713;988168,588800000026822;2545,218646620000072;nan;-5,3041224
298;0;855401,789100000052713;988168,588800000026822;2524,915934390000075;nan;-4,6067147
299;0;855466,789100000052713;988168,588800000026822;2515,733879500000057;nan;-3,7930722
300;0;855531,789100000052713;988168,588800000026822;2514,346330029999990;nan;-3,0956645
301;0;853646,789100000052713;988234,588800000026822;2406,314872989999913;nan;-3,9143906
302;0;853711,789100000052713;988234,588800000026822;2402,144568440000057;nan;-4,3469100
303;0;853776,789100000052713;988234,588800000026822;2390,740997200000038;nan;-4,9182305
304;0;853841,789100000052713;988234,588800000026822;2425,332947660000173;nan;-5,4174647
305;0;853906,789100000052713;988234,588800000026822;2466,660597609999968;nan;-5,9999046
306;0;853971,789100000052713;988234,588800000026822;2498,858262650000142;nan;-6,4813213
307;0;854036,789100000052713;988234,588800000026822;2533,741578069999832;nan;-7,0014014
308;0;854101,789100000052713;988234,588800000026822;2590,076541909999833;nan;-7,4471841
309;0;854166,789100000052713;988234,588800000026822;2625,807920839999952;nan;-7,9672637
310;0;854231,789100000052713;988234,588800000026822;2659,876746339999954;nan;-8,1348448
311;0;854296,789100000052713;988234,588800000026822;2682,882715839999946;nan;-8,2654419
312;0;854361,789100000052713;988234,588800000026822;2713,234758200000215;nan;-8,3773832
313;0;854426,789100000052713;988234,588800000026822;2736,413633029999801;nan;-8,4753466
314;0;854491,789100000052713;988234,588800000026822;2745,999907609999809;nan;-8,4893875
315;0;854556,789100000052713;988234,588800000026822;2733,788739650000025;nan;-8,5057688
316;0;854621,789100000052713;988234,588800000026822;2701,828475320000052;nan;-8,5198097
317;0;854686,789100000052713;988234,588800000026822;2689,392562210000051;nan;-8,4432964
318;0;854751,789100000052713;988234,588800000026822;2699,651072999999997;nan;-8,3458633
319;0;854816,789100000052713;988234,588800000026822;2719,406366640000215;nan;-8,2321920
320;0;854881,789100000052713;988234,588800000026822;2734,867058110000016;nan;-8,1141367
321;0;854946,789100000052713;988234,588800000026822;2739,715285700000095;nan;-7,8561039
322;0;855011,789100000052713;988234,588800000026822;2717,621387990000130;nan;-7,6349325
323;0;855076,789100000052713;988234,588800000026822;2675,611811629999920;nan;-7,3768997
324;0;855141,789100000052713;988234,588800000026822;2638,279561970000032;nan;-6,9546099
325;0;855206,789100000052713;988234,588800000026822;2601,038242449999871;nan;-6,3446198
326;0;855271,789100000052713;988234,588800000026822;2569,002227500000117;nan;-5,8217711
327;0;855336,789100000052713;988234,588800000026822;2538,046783660000074;nan;-5,1878533
328;0;855401,789100000052713;988234,588800000026822;2514,589271759999974;nan;-4,5214381
329;0;855466,789100000052713;988234,588800000026822;2513,429991909999899;nan;-3,7439535
330;0;855531,789100000052713;988234,588800000026822;2516,019040109999878;nan;-3,0775380
331;0;853646,789100000052713;988300,588800000026822;2403,850374050000028;nan;-3,6332340
332;0;853711,789100000052713;988300,588800000026822;2404,521675729999970;nan;-4,0718846
333;0;853776,789100000052713;988300,588800000026822;2387,672902469999826;nan;-4,6373787
334;0;853841,789100000052713;988300,588800000026822;2417,404790229999890;nan;-5,1297641
335;0;853906,789100000052713;988300,588800000026822;2455,677349510000113;nan;-5,7042141
336;0;853971,789100000052713;988300,588800000026822;2497,514930220000224;nan;-6,1736121
337;0;854036,789100000052713;988300,588800000026822;2536,035275849999834;nan;-6,6676049
338;0;854101,789100000052713;988300,588800000026822;2584,570840400000179;nan;-7,0910277
339;0;854166,789100000052713;988300,588800000026822;2603,141630380000151;nan;-7,5850210
340;0;854231,789100000052713;988300,588800000026822;2641,703968629999963;nan;-7,7550645
341;0;854296,789100000052713;988300,588800000026822;2656,359800170000199;nan;-7,8943267
342;0;854361,789100000052713;988300,588800000026822;2679,705771509999977;nan;-8,0136938
343;0;854426,789100000052713;988300,588800000026822;2705,597118820000105;nan;-8,1176987
344;0;854491,789100000052713;988300,588800000026822;2713,616793239999879;nan;-8,1312943
345;0;854556,789100000052713;988300,588800000026822;2708,697144589999880;nan;-8,1471548
346;0;854621,789100000052713;988300,588800000026822;2689,743301770000016;nan;-8,1607494
347;0;854686,789100000052713;988300,588800000026822;2673,502770349999992;nan;-8,0920706
348;0;854751,789100000052713;988300,588800000026822;2669,720543830000224;nan;-8,0042181
349;0;854816,789100000052713;988300,588800000026822;2691,881821439999840;nan;-7,9017229
350;0;854881,789100000052713;988300,588800000026822;2710,824797199999921;nan;-7,7959204
351;0;854946,789100000052713;988300,588800000026822;2711,786334270000225;nan;-7,5677791
352;0;855011,789100000052713;988300,588800000026822;2706,805153629999950;nan;-7,3722291
353;0;855076,789100000052713;988300,588800000026822;2685,747627780000130;nan;-7,1440878
354;0;855141,789100000052713;988300,588800000026822;2647,881589820000045;nan;-6,7399559
355;0;855206,789100000052713;988300,588800000026822;2606,967541500000152;nan;-6,1467953
356;0;855271,789100000052713;988300,588800000026822;2566,119223950000105;nan;-5,6383719
357;0;855336,789100000052713;988300,588800000026822;2526,822779480000008;nan;-5,0237780
358;0;855401,789100000052713;988300,588800000026822;2510,291995810000117;nan;-4,3867507
359;0;855466,789100000052713;988300,588800000026822;2512,136341859999902;nan;-3,6435528
360;0;855531,789100000052713;988300,588800000026822;2517,780537340000137;nan;-3,0065260
361;0;853646,789100000052713;988366,588800000026822;2412,277119370000037;nan;-3,3052180
362;0;853711,789100000052713;988366,588800000026822;2412,007661480000024;nan;-3,7510219
363;0;853776,789100000052713;988366,588800000026822;2399,778518380000151;nan;-4,3097181
364;0;853841,789100000052713;988366,588800000026822;2414,713998640000227;nan;-4,7941136
365;0;853906,789100000052713;988366,588800000026822;2439,166297599999780;nan;-5,3592420
366;0;853971,789100000052713;988366,588800000026822;2490,086292269999831;nan;-5,8146176
367;0;854036,789100000052713;988366,588800000026822;2521,076240880000114;nan;-6,2781763
368;0;854101,789100000052713;988366,588800000026822;2552,254905669999971;nan;-6,6755123
369;0;854166,789100000052713;988366,588800000026822;2579,362491899999895;nan;-7,1390710
370;0;854231,789100000052713;988366,588800000026822;2605,182793599999968;nan;-7,3119874
371;0;854296,789100000052713;988366,588800000026822;2635,458204479999949;nan;-7,4613585
372;0;854361,789100000052713;988366,588800000026822;2659,371104419999938;nan;-7,5893908
373;0;854426,789100000052713;988366,588800000026822;2672,178767909999806;nan;-7,7004428
374;0;854491,789100000052713;988366,588800000026822;2681,506633659999807;nan;-7,7135177
375;0;854556,789100000052713;988366,588800000026822;2677,528975270000046;nan;-7,7287722
376;0;854621,789100000052713;988366,588800000026822;2667,022498880000057;nan;-7,7418470
377;0;854686,789100000052713;988366,588800000026822;2654,563065899999856;nan;-7,6823082
378;0;854751,789100000052713;988366,588800000026822;2645,068837190000067;nan;-7,6056314
379;0;854816,789100000052713;988366,588800000026822;2657,588720579999972;nan;-7,5161753
380;0;854881,789100000052713;988366,588800000026822;2674,404107249999925;nan;-7,4246683
381;0;854946,789100000052713;988366,588800000026822;2683,117700929999955;nan;-7,2314000
382;0;855011,789100000052713;988366,588800000026822;2676,695887970000058;nan;-7,0657420
383;0;855076,789100000052713;988366,588800000026822;2655,165874710000026;nan;-6,8724742
384;0;855141,789100000052713;988366,588800000026822;2623,823162810000213;nan;-6,4895258
385;0;855206,789100000052713;988366,588800000026822;2589,053767599999901;nan;-5,9159999
386;0;855271,789100000052713;988366,588800000026822;2547,063161680000121;nan;-5,4244065
387;0;855336,789100000052713;988366,588800000026822;2515,752613399999973;nan;-4,8323565
388;0;855401,789100000052713;988366,588800000026822;2508,066996340000060;nan;-4,2296162
389;0;855466,789100000052713;988366,588800000026822;2512,181225320000067;nan;-3,5264189
390;0;855531,789100000052713;988366,588800000026822;2519,787886220000019;nan;-2,9236786
391;0;853646,789100000052713;988432,588800000026822;2396,791286510000191;nan;-2,9719589
392;0;853711,789100000052713;988432,588800000026822;2413,330708510000022;nan;-3,4209538
393;0;853776,789100000052713;988432,588800000026822;2405,293700289999833;nan;-3,9698596
394;0;853841,789100000052713;988432,588800000026822;2404,289669979999871;nan;-4,4439330
395;0;853906,789100000052713;988432,588800000026822;2426,741006069999912;nan;-4,9970188
396;0;853971,789100000052713;988432,588800000026822;2466,405483149999782;nan;-5,4368949
397;0;854036,789100000052713;988432,588800000026822;2500,839023030000135;nan;-5,8702917
398;0;854101,789100000052713;988432,588800000026822;2532,998116509999818;nan;-6,2417741
399;0;854166,789100000052713;988432,588800000026822;2556,006730890000199;nan;-6,6751704
400;0;854231,789100000052713;988432,588800000026822;2592,091954859999987;nan;-6,8498893
401;0;854296,789100000052713;988432,588800000026822;2616,038321099999848;nan;-7,0078168
402;0;854361,789100000052713;988432,588800000026822;2636,912849459999961;nan;-7,1431832
403;0;854426,789100000052713;988432,588800000026822;2656,806471830000191;nan;-7,2600136
404;0;854491,789100000052713;988432,588800000026822;2651,964677510000001;nan;-7,2720900
405;0;854556,789100000052713;988432,588800000026822;2641,684737489999861;nan;-7,2861786
406;0;854621,789100000052713;988432,588800000026822;2639,890456409999842;nan;-7,2982550
407;0;854686,789100000052713;988432,588800000026822;2634,226567409999916;nan;-7,2451344
408;0;854751,789100000052713;988432,588800000026822;2614,646015209999860;nan;-7,1765599
409;0;854816,789100000052713;988432,588800000026822;2614,695503750000171;nan;-7,0965562
410;0;854881,789100000052713;988432,588800000026822;2626,572771839999859;nan;-7,0162458
411;0;854946,789100000052713;988432,588800000026822;2633,292940169999838;nan;-6,8540931
412;0;855011,789100000052713;988432,588800000026822;2626,880135809999956;nan;-6,7151055
413;0;855076,789100000052713;988432,588800000026822;2614,489610730000095;nan;-6,5529528
414;0;855141,789100000052713;988432,588800000026822;2584,151092399999925;nan;-6,1934190
415;0;855206,789100000052713;988432,588800000026822;2552,573957820000032;nan;-5,6453118
416;0;855271,789100000052713;988432,588800000026822;2521,026582229999804;nan;-5,1755061
417;0;855336,789100000052713;988432,588800000026822;2511,684933420000107;nan;-4,6114006
418;0;855401,789100000052713;988432,588800000026822;2510,023686900000030;nan;-4,0456047
419;0;855466,789100000052713;988432,588800000026822;2514,697283529999822;nan;-3,3855095
420;0;855531,789100000052713;988432,588800000026822;2534,948345880000034;nan;-2,8197138
421;0;853646,789100000052713;988498,588800000026822;2393,656921320000038;nan;-2,6593440
422;0;853711,789100000052713;988498,588800000026822;2413,846323109999958;nan;-3,0906959
423;0;853776,789100000052713;988498,588800000026822;2413,851595409999845;nan;-3,6158197
424;0;853841,789100000052713;988498,588800000026822;2403,039417120000053;nan;-4,0690517
425;0;853906,789100000052713;988498,588800000026822;2423,773017749999781;nan;-4,5978222
426;0;853971,789100000052713;988498,588800000026822;2454,008993859999919;nan;-5,0168171
427;0;854036,789100000052713;988498,588800000026822;2480,605082359999869;nan;-5,4257593
428;0;854101,789100000052713;988498,588800000026822;2512,601256790000207;nan;-5,7762809
429;0;854166,789100000052713;988498,588800000026822;2534,932501910000155;nan;-6,1852226
430;0;854231,789100000052713;988498,588800000026822;2565,914844590000030;nan;-6,3559833
431;0;854296,789100000052713;988498,588800000026822;2592,816352759999972;nan;-6,5132604
432;0;854361,789100000052713;988498,588800000026822;2611,417898369999875;nan;-6,6480689
433;0;854426,789100000052713;988498,588800000026822;2617,454556059999959;nan;-6,7633286
434;0;854491,789100000052713;988498,588800000026822;2626,370259870000154;nan;-6,7720852
435;0;854556,789100000052713;988498,588800000026822;2622,771061779999854;nan;-6,7823014
436;0;854621,789100000052713;988498,588800000026822;2618,322097530000065;nan;-6,7910585
437;0;854686,789100000052713;988498,588800000026822;2606,804408299999977;nan;-6,7294445
438;0;854751,789100000052713;988498,588800000026822;2588,518090370000209;nan;-6,6520052
439;0;854816,789100000052713;988498,588800000026822;2580,073410840000179;nan;-6,5616598
440;0;854881,789100000052713;988498,588800000026822;2569,832961850000174;nan;-6,4750109
441;0;854946,789100000052713;988498,588800000026822;2574,823963880000065;nan;-6,3202004
442;0;855011,789100000052713;988498,588800000026822;2572,788922820000153;nan;-6,1875057
443;0;855076,789100000052713;988498,588800000026822;2559,730982099999892;nan;-6,0326953
444;0;855141,789100000052713;988498,588800000026822;2551,740912560000197;nan;-5,7047067
445;0;855206,789100000052713;988498,588800000026822;2524,741303230000085;nan;-5,2081313
446;0;855271,789100000052713;988498,588800000026822;2512,165693739999824;nan;-4,7824955
447;0;855336,789100000052713;988498,588800000026822;2510,018217140000161;nan;-4,2701168
448;0;855401,789100000052713;988498,588800000026822;2512,678556379999918;nan;-3,7496581
449;0;855466,789100000052713;988498,588800000026822;2521,140732670000034;nan;-3,1424561
450;0;855531,789100000052713;988498,588800000026822;2546,475005360000068;nan;-2,6219974
451;0;853646,789100000052713;988564,588800000026822;2383,896802000000207;nan;-2,2946265
452;0;853711,789100000052713;988564,588800000026822;2404,143780809999953;nan;-2,7053952
453;0;853776,789100000052713;988564,588800000026822;2414,293910700000197;nan;-3,2027733
454;0;853841,789100000052713;988564,588800000026822;2403,772048039999845;nan;-3,6316900
455;0;853906,789100000052713;988564,588800000026822;2416,720179330000065;nan;-4,1320930
456;0;853971,789100000052713;988564,588800000026822;2439,324844100000064;nan;-4,5267262
457;0;854036,789100000052713;988564,588800000026822;2466,170791179999924;nan;-4,9071379
458;0;854101,789100000052713;988564,588800000026822;2486,198931280000124;nan;-5,2332053
459;0;854166,789100000052713;988564,588800000026822;2510,952838619999966;nan;-5,6136169
460;0;854231,789100000052713;988564,588800000026822;2536,927129130000139;nan;-5,7797599
461;0;854296,789100000052713;988564,588800000026822;2555,498921859999882;nan;-5,9362774
462;0;854361,789100000052713;988564,588800000026822;2573,728305120000186;nan;-6,0704355
463;0;854426,789100000052713;988564,588800000026822;2584,819382829999995;nan;-6,1838622
464;0;854491,789100000052713;988564,588800000026822;2592,368785969999863;nan;-6,1887465
465;0;854556,789100000052713;988564,588800000026822;2604,343333809999876;nan;-6,1944451
466;0;854621,789100000052713;988564,588800000026822;2600,156419160000041;nan;-6,1993294
467;0;854686,789100000052713;988564,588800000026822;2575,540174610000122;nan;-6,1278062
468;0;854751,789100000052713;988564,588800000026822;2565,060804350000126;nan;-6,0400252
469;0;854816,789100000052713;988564,588800000026822;2550,859969250000177;nan;-5,9376135
470;0;854881,789100000052713;988564,588800000026822;2536,020472279999922;nan;-5,8435702
471;0;854946,789100000052713;988564,588800000026822;2534,562196750000112;nan;-5,6973257
472;0;855011,789100000052713;988564,588800000026822;2534,582538640000166;nan;-5,5719728
473;0;855076,789100000052713;988564,588800000026822;2538,414378160000069;nan;-5,4257283
474;0;855141,789100000052713;988564,588800000026822;2530,816544239999985;nan;-5,1345415
475;0;855206,789100000052713;988564,588800000026822;2510,031033300000217;nan;-4,6980877
476;0;855271,789100000052713;988564,588800000026822;2509,519672779999837;nan;-4,3239837
477;0;855336,789100000052713;988564,588800000026822;2513,453027330000168;nan;-3,8719525
478;0;855401,789100000052713;988564,588800000026822;2519,749777840000206;nan;-3,4043870
479;0;855466,789100000052713;988564,588800000026822;2530,408253950000017;nan;-2,8588939
480;0;855531,789100000052713;988564,588800000026822;2558,308078149999801;nan;-2,3913283