8.5365e+05 9.8757e+05 2.2539e+03 -7.6400e+00
8.5371e+05 9.8757e+05 2.3032e+03 -8.0742e+00
8.5378e+05 9.8757e+05 2.3361e+03 -8.8165e+00
8.5384e+05 9.8757e+05 2.3746e+03 -9.9286e+00
8.5391e+05 9.8757e+05 2.4174e+03 -1.1377e+01
8.5397e+05 9.8757e+05 2.4658e+03 -1.1116e+01
8.5404e+05 9.8757e+05 2.5002e+03 -1.0964e+01
8.5410e+05 9.8757e+05 2.5306e+03 -1.1188e+01
8.5417e+05 9.8757e+05 2.5890e+03 -1.2212e+01
8.5423e+05 9.8757e+05 2.6359e+03 -1.3042e+01
8.5430e+05 9.8757e+05 2.6815e+03 -1.2367e+01
8.5436e+05 9.8757e+05 2.7076e+03 -1.2200e+01
8.5443e+05 9.8757e+05 2.6996e+03 -1.2440e+01
8.5449e+05 9.8757e+05 2.6808e+03 -1.2798e+01
8.5456e+05 9.8757e+05 2.6583e+03 -1.3266e+01
8.5462e+05 9.8757e+05 2.6333e+03 -1.3866e+01
8.5469e+05 9.8757e+05 2.6115e+03 -1.3707e+01
8.5475e+05 9.8757e+05 2.5919e+03 -1.3189e+01
8.5482e+05 9.8757e+05 2.5892e+03 -1.3028e+01
8.5488e+05 9.8757e+05 2.5953e+03 -1.2964e+01
8.5495e+05 9.8757e+05 2.5768e+03 -1.2307e+01
8.5501e+05 9.8757e+05 2.5353e+03 -1.1519e+01
8.5508e+05 9.8757e+05 2.4965e+03 -1.1317e+01
8.5514e+05 9.8757e+05 2.4612e+03 -1.1502e+01
8.5521e+05 9.8757e+05 2.4560e+03 -1.1364e+01
8.5527e+05 9.8757e+05 2.4583e+03 -1.0979e+01
8.5534e+05 9.8757e+05 2.4628e+03 -1.0435e+01
8.5540e+05 9.8757e+05 2.4770e+03 -9.6073e+00
8.5547e+05 9.8757e+05 2.4959e+03 -8.5962e+00
8.5553e+05 9.8757e+05 2.5377e+03 -7.5016e+00
8.5365e+05 9.8764e+05 2.2537e+03 -8.3936e+00
8.5371e+05 9.8764e+05 2.3046e+03 -8.8441e+00
8.5378e+05 9.8764e+05 2.3462e+03 -9.8426e+00
8.5384e+05 9.8764e+05 2.3868e+03 -1.1323e+01
8.5391e+05 9.8764e+05 2.4192e+03 -1.2729e+01
8.5397e+05 9.8764e+05 2.4739e+03 -1.2202e+01
8.5404e+05 9.8764e+05 2.5100e+03 -1.2007e+01
8.5410e+05 9.8764e+05 2.5517e+03 -1.2434e+01
8.5417e+05 9.8764e+05 2.5972e+03 -1.3662e+01
8.5423e+05 9.8764e+05 2.6431e+03 -1.4181e+01
8.5430e+05 9.8764e+05 2.7075e+03 -1.3128e+01
8.5436e+05 9.8764e+05 2.7420e+03 -1.2991e+01
8.5443e+05 9.8764e+05 2.7374e+03 -1.3191e+01
8.5449e+05 9.8764e+05 2.7136e+03 -1.3525e+01
8.5456e+05 9.8764e+05 2.6795e+03 -1.4178e+01
8.5462e+05 9.8764e+05 2.6535e+03 -1.4835e+01
8.5469e+05 9.8764e+05 2.6257e+03 -1.5583e+01
8.5475e+05 9.8764e+05 2.6019e+03 -1.4889e+01
8.5482e+05 9.8764e+05 2.5960e+03 -1.4623e+01
8.5488e+05 9.8764e+05 2.5970e+03 -1.4439e+01
8.5495e+05 9.8764e+05 2.5816e+03 -1.3730e+01
8.5501e+05 9.8764e+05 2.5414e+03 -1.2699e+01
8.5508e+05 9.8764e+05 2.5018e+03 -1.2387e+01
8.5514e+05 9.8764e+05 2.4705e+03 -1.2582e+01
8.5521e+05 9.8764e+05 2.4766e+03 -1.2263e+01
8.5527e+05 9.8764e+05 2.4925e+03 -1.1615e+01
8.5534e+05 9.8764e+05 2.4912e+03 -1.1087e+01
8.5540e+05 9.8764e+05 2.4860e+03 -1.0456e+01
8.5547e+05 9.8764e+05 2.4934e+03 -9.4174e+00
8.5553e+05 9.8764e+05 2.5104e+03 -8.2046e+00
8.5365e+05 9.8771e+05 2.2747e+03 -8.7329e+00
8.5371e+05 9.8771e+05 2.3061e+03 -9.4400e+00
8.5378e+05 9.8771e+05 2.3482e+03 -1.0568e+01
8.5384e+05 9.8771e+05 2.3866e+03 -1.2126e+01
8.5391e+05 9.8771e+05 2.4364e+03 -1.3515e+01
8.5397e+05 9.8771e+05 2.4853e+03 -1.2888e+01
8.5404e+05 9.8771e+05 2.5208e+03 -1.2816e+01
8.5410e+05 9.8771e+05 2.5501e+03 -1.3303e+01
8.5417e+05 9.8771e+05 2.6116e+03 -1.4945e+01
8.5423e+05 9.8771e+05 2.6771e+03 -1.4285e+01
8.5430e+05 9.8771e+05 2.7315e+03 -1.3751e+01
8.5436e+05 9.8771e+05 2.7519e+03 -1.3990e+01
8.5443e+05 9.8771e+05 2.7496e+03 -1.4180e+01
8.5449e+05 9.8771e+05 2.7263e+03 -1.4326e+01
8.5456e+05 9.8771e+05 2.6967e+03 -1.4789e+01
8.5462e+05 9.8771e+05 2.6605e+03 -1.5646e+01
8.5469e+05 9.8771e+05 2.6304e+03 -1.6477e+01
8.5475e+05 9.8771e+05 2.6158e+03 -1.6323e+01
8.5482e+05 9.8771e+05 2.6026e+03 -1.5835e+01
8.5488e+05 9.8771e+05 2.5976e+03 -1.5493e+01
8.5495e+05 9.8771e+05 2.5797e+03 -1.4719e+01
8.5501e+05 9.8771e+05 2.5446e+03 -1.3677e+01
8.5508e+05 9.8771e+05 2.5056e+03 -1.3188e+01
8.5514e+05 9.8771e+05 2.4785e+03 -1.3274e+01
8.5521e+05 9.8771e+05 2.4814e+03 -1.3010e+01
8.5527e+05 9.8771e+05 2.5113e+03 -1.2141e+01
8.5534e+05 9.8771e+05 2.5160e+03 -1.1465e+01
8.5540e+05 9.8771e+05 2.5074e+03 -1.0812e+01
8.5547e+05 9.8771e+05 2.5100e+03 -9.8088e+00
8.5553e+05 9.8771e+05 2.5219e+03 -8.6252e+00
8.5365e+05 9.8777e+05 2.3059e+03 -9.0335e+00
8.5371e+05 9.8777e+05 2.3303e+03 -1.0036e+01
8.5378e+05 9.8777e+05 2.3620e+03 -1.1365e+01
8.5384e+05 9.8777e+05 2.3811e+03 -1.2569e+01
8.5391e+05 9.8777e+05 2.4275e+03 -1.4343e+01
8.5397e+05 9.8777e+05 2.4942e+03 -1.3404e+01
8.5404e+05 9.8777e+05 2.5273e+03 -1.3465e+01
8.5410e+05 9.8777e+05 2.5590e+03 -1.4119e+01
8.5417e+05 9.8777e+05 2.6351e+03 -1.5723e+01
8.5423e+05 9.8777e+05 2.6833e+03 -1.4862e+01
8.5430e+05 9.8777e+05 2.7224e+03 -1.4542e+01
8.5436e+05 9.8777e+05 2.7540e+03 -1.4806e+01
8.5443e+05 9.8777e+05 2.7614e+03 -1.5077e+01
8.5449e+05 9.8777e+05 2.7395e+03 -1.5040e+01
8.5456e+05 9.8777e+05 2.7046e+03 -1.5354e+01
8.5462e+05 9.8777e+05 2.6696e+03 -1.6144e+01
8.5469e+05 9.8777e+05 2.6427e+03 -1.6889e+01
8.5475e+05 9.8777e+05 2.6414e+03 -1.6917e+01
8.5482e+05 9.8777e+05 2.6338e+03 -1.7007e+01
8.5488e+05 9.8777e+05 2.6182e+03 -1.6843e+01
8.5495e+05 9.8777e+05 2.6039e+03 -1.6102e+01
8.5501e+05 9.8777e+05 2.5629e+03 -1.4731e+01
8.5508e+05 9.8777e+05 2.5285e+03 -1.3883e+01
8.5514e+05 9.8777e+05 2.4977e+03 -1.3641e+01
8.5521e+05 9.8777e+05 2.4839e+03 -1.3538e+01
8.5527e+05 9.8777e+05 2.4995e+03 -1.2882e+01
8.5534e+05 9.8777e+05 2.5209e+03 -1.1953e+01
8.5540e+05 9.8777e+05 2.5265e+03 -1.1085e+01
8.5547e+05 9.8777e+05 2.5263e+03 -1.0099e+01
8.5553e+05 9.8777e+05 2.5340e+03 -8.9619e+00
8.5365e+05 9.8784e+05 2.3131e+03 -9.3102e+00
8.5371e+05 9.8784e+05 2.3333e+03 -1.0428e+01
8.5378e+05 9.8784e+05 2.3751e+03 -1.2106e+01
8.5384e+05 9.8784e+05 2.4005e+03 -1.3593e+01
8.5391e+05 9.8784e+05 2.4324e+03 -1.4699e+01
8.5397e+05 9.8784e+05 2.4842e+03 -1.3995e+01
8.5404e+05 9.8784e+05 2.5188e+03 -1.3960e+01
8.5410e+05 9.8784e+05 2.5781e+03 -1.4963e+01
8.5417e+05 9.8784e+05 2.6347e+03 -1.6283e+01
8.5423e+05 9.8784e+05 2.6909e+03 -1.5253e+01
8.5430e+05 9.8784e+05 2.7266e+03 -1.5052e+01
8.5436e+05 9.8784e+05 2.7560e+03 -1.5400e+01
8.5443e+05 9.8784e+05 2.7724e+03 -1.5809e+01
8.5449e+05 9.8784e+05 2.7489e+03 -1.5674e+01
8.5456e+05 9.8784e+05 2.7159e+03 -1.5763e+01
8.5462e+05 9.8784e+05 2.6828e+03 -1.6387e+01
8.5469e+05 9.8784e+05 2.6622e+03 -1.6947e+01
8.5475e+05 9.8784e+05 2.6679e+03 -1.6804e+01
8.5482e+05 9.8784e+05 2.6622e+03 -1.6821e+01
8.5488e+05 9.8784e+05 2.6542e+03 -1.6806e+01
8.5495e+05 9.8784e+05 2.6321e+03 -1.7083e+01
8.5501e+05 9.8784e+05 2.5901e+03 -1.5926e+01
8.5508e+05 9.8784e+05 2.5504e+03 -1.4652e+01
8.5514e+05 9.8784e+05 2.5158e+03 -1.3995e+01
8.5521e+05 9.8784e+05 2.4952e+03 -1.3776e+01
8.5527e+05 9.8784e+05 2.4953e+03 -1.3330e+01
8.5534e+05 9.8784e+05 2.5103e+03 -1.2474e+01
8.5540e+05 9.8784e+05 2.5309e+03 -1.1444e+01
8.5547e+05 9.8784e+05 2.5338e+03 -1.0431e+01
8.5553e+05 9.8784e+05 2.5312e+03 -9.2786e+00
8.5365e+05 9.8790e+05 2.3361e+03 -9.7264e+00
8.5371e+05 9.8790e+05 2.3764e+03 -1.1528e+01
8.5378e+05 9.8790e+05 2.3884e+03 -1.2866e+01
8.5384e+05 9.8790e+05 2.4271e+03 -1.4709e+01
8.5391e+05 9.8790e+05 2.4415e+03 -1.4852e+01
8.5397e+05 9.8790e+05 2.4959e+03 -1.4224e+01
8.5404e+05 9.8790e+05 2.5062e+03 -1.4311e+01
8.5410e+05 9.8790e+05 2.5908e+03 -1.5594e+01
8.5417e+05 9.8790e+05 2.6552e+03 -1.6110e+01
8.5423e+05 9.8790e+05 2.6865e+03 -1.5708e+01
8.5430e+05 9.8790e+05 2.7245e+03 -1.5464e+01
8.5436e+05 9.8790e+05 2.7657e+03 -1.5888e+01
8.5443e+05 9.8790e+05 2.7820e+03 -1.6381e+01
8.5449e+05 9.8790e+05 2.7609e+03 -1.6208e+01
8.5456e+05 9.8790e+05 2.7267e+03 -1.6096e+01
8.5462e+05 9.8790e+05 2.6990e+03 -1.6470e+01
8.5469e+05 9.8790e+05 2.6823e+03 -1.6880e+01
8.5475e+05 9.8790e+05 2.6921e+03 -1.6643e+01
8.5482e+05 9.8790e+05 2.6960e+03 -1.6411e+01
8.5488e+05 9.8790e+05 2.6837e+03 -1.6466e+01
8.5495e+05 9.8790e+05 2.6571e+03 -1.6818e+01
8.5501e+05 9.8790e+05 2.6102e+03 -1.6908e+01
8.5508e+05 9.8790e+05 2.5704e+03 -1.5453e+01
8.5514e+05 9.8790e+05 2.5423e+03 -1.4479e+01
8.5521e+05 9.8790e+05 2.5127e+03 -1.3906e+01
8.5527e+05 9.8790e+05 2.5021e+03 -1.3495e+01
8.5534e+05 9.8790e+05 2.5078e+03 -1.2769e+01
8.5540e+05 9.8790e+05 2.5247e+03 -1.1755e+01
8.5547e+05 9.8790e+05 2.5317e+03 -1.0680e+01
8.5553e+05 9.8790e+05 2.5233e+03 -9.5021e+00
8.5365e+05 9.8797e+05 2.3593e+03 -1.0312e+01
8.5371e+05 9.8797e+05 2.3507e+03 -1.1288e+01
8.5378e+05 9.8797e+05 2.3945e+03 -1.3356e+01
8.5384e+05 9.8797e+05 2.4183e+03 -1.4805e+01
8.5391e+05 9.8797e+05 2.4543e+03 -1.4842e+01
8.5397e+05 9.8797e+05 2.4841e+03 -1.4599e+01
8.5404e+05 9.8797e+05 2.5198e+03 -1.4587e+01
8.5410e+05 9.8797e+05 2.6070e+03 -1.6200e+01
8.5417e+05 9.8797e+05 2.6546e+03 -1.6386e+01
8.5423e+05 9.8797e+05 2.6931e+03 -1.5840e+01
8.5430e+05 9.8797e+05 2.7319e+03 -1.5690e+01
8.5436e+05 9.8797e+05 2.7737e+03 -1.6247e+01
8.5443e+05 9.8797e+05 2.7843e+03 -1.6715e+01
8.5449e+05 9.8797e+05 2.7758e+03 -1.6675e+01
8.5456e+05 9.8797e+05 2.7430e+03 -1.6372e+01
8.5462e+05 9.8797e+05 2.7131e+03 -1.6525e+01
8.5469e+05 9.8797e+05 2.6879e+03 -1.7004e+01
8.5475e+05 9.8797e+05 2.6933e+03 -1.6873e+01
8.5482e+05 9.8797e+05 2.7127e+03 -1.6311e+01
8.5488e+05 9.8797e+05 2.7081e+03 -1.6168e+01
8.5495e+05 9.8797e+05 2.6825e+03 -1.6443e+01
8.5501e+05 9.8797e+05 2.6392e+03 -1.7208e+01
8.5508e+05 9.8797e+05 2.5978e+03 -1.6431e+01
8.5514e+05 9.8797e+05 2.5611e+03 -1.5071e+01
8.5521e+05 9.8797e+05 2.5259e+03 -1.4113e+01
8.5527e+05 9.8797e+05 2.5119e+03 -1.3555e+01
8.5534e+05 9.8797e+05 2.5149e+03 -1.2870e+01
8.5540e+05 9.8797e+05 2.5194e+03 -1.1968e+01
8.5547e+05 9.8797e+05 2.5261e+03 -1.0854e+01
8.5553e+05 9.8797e+05 2.5234e+03 -9.6528e+00
8.5365e+05 9.8804e+05 2.3798e+03 -1.0869e+01
8.5371e+05 9.8804e+05 2.3735e+03 -1.1987e+01
8.5378e+05 9.8804e+05 2.3973e+03 -1.3602e+01
8.5384e+05 9.8804e+05 2.4246e+03 -1.5170e+01
8.5391e+05 9.8804e+05 2.4506e+03 -1.5054e+01
8.5397e+05 9.8804e+05 2.4817e+03 -1.4764e+01
8.5404e+05 9.8804e+05 2.5287e+03 -1.4759e+01
8.5410e+05 9.8804e+05 2.6086e+03 -1.6406e+01
8.5417e+05 9.8804e+05 2.6476e+03 -1.6747e+01
8.5423e+05 9.8804e+05 2.6944e+03 -1.5979e+01
8.5430e+05 9.8804e+05 2.7357e+03 -1.5800e+01
8.5436e+05 9.8804e+05 2.7616e+03 -1.6275e+01
8.5443e+05 9.8804e+05 2.7829e+03 -1.6823e+01
8.5449e+05 9.8804e+05 2.7861e+03 -1.6953e+01
8.5456e+05 9.8804e+05 2.7540e+03 -1.6566e+01
8.5462e+05 9.8804e+05 2.7131e+03 -1.6660e+01
8.5469e+05 9.8804e+05 2.6962e+03 -1.6976e+01
8.5475e+05 9.8804e+05 2.7040e+03 -1.6780e+01
8.5482e+05 9.8804e+05 2.7253e+03 -1.6227e+01
8.5488e+05 9.8804e+05 2.7273e+03 -1.5965e+01
8.5495e+05 9.8804e+05 2.7121e+03 -1.5926e+01
8.5501e+05 9.8804e+05 2.6674e+03 -1.6586e+01
8.5508e+05 9.8804e+05 2.6261e+03 -1.7340e+01
8.5514e+05 9.8804e+05 2.5866e+03 -1.5849e+01
8.5521e+05 9.8804e+05 2.5464e+03 -1.4485e+01
8.5527e+05 9.8804e+05 2.5298e+03 -1.3671e+01
8.5534e+05 9.8804e+05 2.5307e+03 -1.2930e+01
8.5540e+05 9.8804e+05 2.5317e+03 -1.2009e+01
8.5547e+05 9.8804e+05 2.5267e+03 -1.0940e+01
8.5553e+05 9.8804e+05 2.5222e+03 -9.7292e+00
8.5365e+05 9.8810e+05 2.4054e+03 -1.1538e+01
8.5371e+05 9.8810e+05 2.3780e+03 -1.2151e+01
8.5378e+05 9.8810e+05 2.3975e+03 -1.3651e+01
8.5384e+05 9.8810e+05 2.4342e+03 -1.5012e+01
8.5391e+05 9.8810e+05 2.4599e+03 -1.4917e+01
8.5397e+05 9.8810e+05 2.4866e+03 -1.4734e+01
8.5404e+05 9.8810e+05 2.5322e+03 -1.4816e+01
8.5410e+05 9.8810e+05 2.6015e+03 -1.6327e+01
8.5417e+05 9.8810e+05 2.6425e+03 -1.6971e+01
8.5423e+05 9.8810e+05 2.6768e+03 -1.6416e+01
8.5430e+05 9.8810e+05 2.7108e+03 -1.6034e+01
8.5436e+05 9.8810e+05 2.7492e+03 -1.6158e+01
8.5443e+05 9.8810e+05 2.7784e+03 -1.6694e+01
8.5449e+05 9.8810e+05 2.7842e+03 -1.6895e+01
8.5456e+05 9.8810e+05 2.7531e+03 -1.6578e+01
8.5462e+05 9.8810e+05 2.7163e+03 -1.6658e+01
8.5469e+05 9.8810e+05 2.6963e+03 -1.6994e+01
8.5475e+05 9.8810e+05 2.7143e+03 -1.6606e+01
8.5482e+05 9.8810e+05 2.7325e+03 -1.6183e+01
8.5488e+05 9.8810e+05 2.7416e+03 -1.5893e+01
8.5495e+05 9.8810e+05 2.7355e+03 -1.5626e+01
8.5501e+05 9.8810e+05 2.6968e+03 -1.5930e+01
8.5508e+05 9.8810e+05 2.6508e+03 -1.6711e+01
8.5514e+05 9.8810e+05 2.6044e+03 -1.6436e+01
8.5521e+05 9.8810e+05 2.5645e+03 -1.4939e+01
8.5527e+05 9.8810e+05 2.5493e+03 -1.3989e+01
8.5534e+05 9.8810e+05 2.5470e+03 -1.3120e+01
8.5540e+05 9.8810e+05 2.5421e+03 -1.2057e+01
8.5547e+05 9.8810e+05 2.5206e+03 -1.0976e+01
8.5553e+05 9.8810e+05 2.5200e+03 -9.7524e+00
8.5365e+05 9.8817e+05 2.4080e+03 -1.1575e+01
8.5371e+05 9.8817e+05 2.3858e+03 -1.2323e+01
8.5378e+05 9.8817e+05 2.3935e+03 -1.3480e+01
8.5384e+05 9.8817e+05 2.4409e+03 -1.4805e+01
8.5391e+05 9.8817e+05 2.4668e+03 -1.4725e+01
8.5397e+05 9.8817e+05 2.4881e+03 -1.4640e+01
8.5404e+05 9.8817e+05 2.5475e+03 -1.4834e+01
8.5410e+05 9.8817e+05 2.5941e+03 -1.6137e+01
8.5417e+05 9.8817e+05 2.6458e+03 -1.6840e+01
8.5423e+05 9.8817e+05 2.6748e+03 -1.6457e+01
8.5430e+05 9.8817e+05 2.7050e+03 -1.6082e+01
8.5436e+05 9.8817e+05 2.7303e+03 -1.6033e+01
8.5443e+05 9.8817e+05 2.7607e+03 -1.6303e+01
8.5449e+05 9.8817e+05 2.7741e+03 -1.6554e+01
8.5456e+05 9.8817e+05 2.7495e+03 -1.6409e+01
8.5462e+05 9.8817e+05 2.7142e+03 -1.6605e+01
8.5469e+05 9.8817e+05 2.6983e+03 -1.6889e+01
8.5475e+05 9.8817e+05 2.7109e+03 -1.6576e+01
8.5482e+05 9.8817e+05 2.7304e+03 -1.6134e+01
8.5488e+05 9.8817e+05 2.7475e+03 -1.5818e+01
8.5495e+05 9.8817e+05 2.7517e+03 -1.5446e+01
8.5501e+05 9.8817e+05 2.7116e+03 -1.5579e+01
8.5508e+05 9.8817e+05 2.6648e+03 -1.6292e+01
8.5514e+05 9.8817e+05 2.6236e+03 -1.6949e+01
8.5521e+05 9.8817e+05 2.5831e+03 -1.5339e+01
8.5527e+05 9.8817e+05 2.5610e+03 -1.4173e+01
8.5534e+05 9.8817e+05 2.5502e+03 -1.3128e+01
8.5540e+05 9.8817e+05 2.5299e+03 -1.1984e+01
8.5547e+05 9.8817e+05 2.5207e+03 -1.0915e+01
8.5553e+05 9.8817e+05 2.5193e+03 -9.6974e+00
8.5365e+05 9.8823e+05 2.4113e+03 -1.1540e+01
8.5371e+05 9.8823e+05 2.4071e+03 -1.2818e+01
8.5378e+05 9.8823e+05 2.3957e+03 -1.3404e+01
8.5384e+05 9.8823e+05 2.4303e+03 -1.4896e+01
8.5391e+05 9.8823e+05 2.4717e+03 -1.4480e+01
8.5397e+05 9.8823e+05 2.5039e+03 -1.4338e+01
8.5404e+05 9.8823e+05 2.5387e+03 -1.4624e+01
8.5410e+05 9.8823e+05 2.5951e+03 -1.5975e+01
8.5417e+05 9.8823e+05 2.6308e+03 -1.7115e+01
8.5423e+05 9.8823e+05 2.6649e+03 -1.6554e+01
8.5430e+05 9.8823e+05 2.6879e+03 -1.6269e+01
8.5436e+05 9.8823e+05 2.7182e+03 -1.5928e+01
8.5443e+05 9.8823e+05 2.7414e+03 -1.5933e+01
8.5449e+05 9.8823e+05 2.7510e+03 -1.6067e+01
8.5456e+05 9.8823e+05 2.7388e+03 -1.6129e+01
8.5462e+05 9.8823e+05 2.7068e+03 -1.6532e+01
8.5469e+05 9.8823e+05 2.6944e+03 -1.6792e+01
8.5475e+05 9.8823e+05 2.7047e+03 -1.6505e+01
8.5482e+05 9.8823e+05 2.7244e+03 -1.5996e+01
8.5488e+05 9.8823e+05 2.7399e+03 -1.5615e+01
8.5495e+05 9.8823e+05 2.7447e+03 -1.5269e+01
8.5501e+05 9.8823e+05 2.7226e+03 -1.5210e+01
8.5508e+05 9.8823e+05 2.6806e+03 -1.5747e+01
8.5514e+05 9.8823e+05 2.6433e+03 -1.6292e+01
8.5521e+05 9.8823e+05 2.6060e+03 -1.5725e+01
8.5527e+05 9.8823e+05 2.5740e+03 -1.4228e+01
8.5534e+05 9.8823e+05 2.5430e+03 -1.2873e+01
8.5540e+05 9.8823e+05 2.5196e+03 -1.1824e+01
8.5547e+05 9.8823e+05 2.5184e+03 -1.0792e+01
8.5553e+05 9.8823e+05 2.5210e+03 -9.5739e+00
8.5365e+05 9.8830e+05 2.4089e+03 -1.1269e+01
8.5371e+05 9.8830e+05 2.4095e+03 -1.2671e+01
8.5378e+05 9.8830e+05 2.3927e+03 -1.3070e+01
8.5384e+05 9.8830e+05 2.4224e+03 -1.4680e+01
8.5391e+05 9.8830e+05 2.4607e+03 -1.4417e+01
8.5397e+05 9.8830e+05 2.5025e+03 -1.4078e+01
8.5404e+05 9.8830e+05 2.5410e+03 -1.4324e+01
8.5410e+05 9.8830e+05 2.5896e+03 -1.5511e+01
8.5417e+05 9.8830e+05 2.6081e+03 -1.6518e+01
8.5423e+05 9.8830e+05 2.6467e+03 -1.6740e+01
8.5430e+05 9.8830e+05 2.6614e+03 -1.6620e+01
8.5436e+05 9.8830e+05 2.6847e+03 -1.6251e+01
8.5443e+05 9.8830e+05 2.7106e+03 -1.5897e+01
8.5449e+05 9.8830e+05 2.7186e+03 -1.5906e+01
8.5456e+05 9.8830e+05 2.7137e+03 -1.6066e+01
8.5462e+05 9.8830e+05 2.6947e+03 -1.6476e+01
8.5469e+05 9.8830e+05 2.6785e+03 -1.6841e+01
8.5475e+05 9.8830e+05 2.6747e+03 -1.6844e+01
8.5482e+05 9.8830e+05 2.6969e+03 -1.6195e+01
8.5488e+05 9.8830e+05 2.7158e+03 -1.5614e+01
8.5495e+05 9.8830e+05 2.7168e+03 -1.5340e+01
8.5501e+05 9.8830e+05 2.7118e+03 -1.5119e+01
8.5508e+05 9.8830e+05 2.6907e+03 -1.5209e+01
8.5514e+05 9.8830e+05 2.6529e+03 -1.5699e+01
8.5521e+05 9.8830e+05 2.6120e+03 -1.5523e+01
8.5527e+05 9.8830e+05 2.5711e+03 -1.3800e+01
8.5534e+05 9.8830e+05 2.5318e+03 -1.2478e+01
8.5540e+05 9.8830e+05 2.5153e+03 -1.1617e+01
8.5547e+05 9.8830e+05 2.5171e+03 -1.0594e+01
8.5553e+05 9.8830e+05 2.5228e+03 -9.3802e+00
8.5365e+05 9.8837e+05 2.4173e+03 -1.1215e+01
8.5371e+05 9.8837e+05 2.4170e+03 -1.2579e+01
8.5378e+05 9.8837e+05 2.4048e+03 -1.3100e+01
8.5384e+05 9.8837e+05 2.4197e+03 -1.4222e+01
8.5391e+05 9.8837e+05 2.4442e+03 -1.4389e+01
8.5397e+05 9.8837e+05 2.4951e+03 -1.3792e+01
8.5404e+05 9.8837e+05 2.5261e+03 -1.3850e+01
8.5410e+05 9.8837e+05 2.5573e+03 -1.4454e+01
8.5417e+05 9.8837e+05 2.5844e+03 -1.5431e+01
8.5423e+05 9.8837e+05 2.6102e+03 -1.6474e+01
8.5430e+05 9.8837e+05 2.6405e+03 -1.6743e+01
8.5436e+05 9.8837e+05 2.6644e+03 -1.6330e+01
8.5443e+05 9.8837e+05 2.6772e+03 -1.6174e+01
8.5449e+05 9.8837e+05 2.6865e+03 -1.6080e+01
8.5456e+05 9.8837e+05 2.6825e+03 -1.6255e+01
8.5462e+05 9.8837e+05 2.6720e+03 -1.6551e+01
8.5469e+05 9.8837e+05 2.6596e+03 -1.6849e+01
8.5475e+05 9.8837e+05 2.6501e+03 -1.7023e+01
8.5482e+05 9.8837e+05 2.6626e+03 -1.6565e+01
8.5488e+05 9.8837e+05 2.6794e+03 -1.5971e+01
8.5495e+05 9.8837e+05 2.6881e+03 -1.5522e+01
8.5501e+05 9.8837e+05 2.6817e+03 -1.5371e+01
8.5508e+05 9.8837e+05 2.6602e+03 -1.5525e+01
8.5514e+05 9.8837e+05 2.6288e+03 -1.5898e+01
8.5521e+05 9.8837e+05 2.5941e+03 -1.4557e+01
8.5527e+05 9.8837e+05 2.5521e+03 -1.3015e+01
8.5534e+05 9.8837e+05 2.5208e+03 -1.2073e+01
8.5540e+05 9.8837e+05 2.5131e+03 -1.1321e+01
8.5547e+05 9.8837e+05 2.5172e+03 -1.0297e+01
8.5553e+05 9.8837e+05 2.5248e+03 -9.1089e+00
8.5365e+05 9.8843e+05 2.4018e+03 -1.0381e+01
8.5371e+05 9.8843e+05 2.4183e+03 -1.2164e+01
8.5378e+05 9.8843e+05 2.4103e+03 -1.2781e+01
8.5384e+05 9.8843e+05 2.4093e+03 -1.3361e+01
8.5391e+05 9.8843e+05 2.4317e+03 -1.4152e+01
8.5397e+05 9.8843e+05 2.4714e+03 -1.3627e+01
8.5404e+05 9.8843e+05 2.5058e+03 -1.3389e+01
8.5410e+05 9.8843e+05 2.5380e+03 -1.3614e+01
8.5417e+05 9.8843e+05 2.5610e+03 -1.4260e+01
8.5423e+05 9.8843e+05 2.5971e+03 -1.5414e+01
8.5430e+05 9.8843e+05 2.6210e+03 -1.6409e+01
8.5436e+05 9.8843e+05 2.6419e+03 -1.6292e+01
8.5443e+05 9.8843e+05 2.6618e+03 -1.5945e+01
8.5449e+05 9.8843e+05 2.6570e+03 -1.6184e+01
8.5456e+05 9.8843e+05 2.6467e+03 -1.6517e+01
8.5462e+05 9.8843e+05 2.6449e+03 -1.6599e+01
8.5469e+05 9.8843e+05 2.6392e+03 -1.6735e+01
8.5475e+05 9.8843e+05 2.6196e+03 -1.6890e+01
8.5482e+05 9.8843e+05 2.6197e+03 -1.6774e+01
8.5488e+05 9.8843e+05 2.6316e+03 -1.6586e+01
8.5495e+05 9.8843e+05 2.6383e+03 -1.6177e+01
8.5501e+05 9.8843e+05 2.6319e+03 -1.6057e+01
8.5508e+05 9.8843e+05 2.6195e+03 -1.5696e+01
8.5514e+05 9.8843e+05 2.5892e+03 -1.4384e+01
8.5521e+05 9.8843e+05 2.5576e+03 -1.3148e+01
8.5527e+05 9.8843e+05 2.5260e+03 -1.2206e+01
8.5534e+05 9.8843e+05 2.5167e+03 -1.1600e+01
8.5540e+05 9.8843e+05 2.5150e+03 -1.0860e+01
8.5547e+05 9.8843e+05 2.5197e+03 -9.8747e+00
8.5553e+05 9.8843e+05 2.5399e+03 -8.7289e+00
8.5365e+05 9.8850e+05 2.3987e+03 -9.7561e+00
8.5371e+05 9.8850e+05 2.4188e+03 -1.1546e+01
8.5378e+05 9.8850e+05 2.4189e+03 -1.2361e+01
8.5384e+05 9.8850e+05 2.4080e+03 -1.2602e+01
8.5391e+05 9.8850e+05 2.4288e+03 -1.3489e+01
8.5397e+05 9.8850e+05 2.4590e+03 -1.3133e+01
8.5404e+05 9.8850e+05 2.4856e+03 -1.2890e+01
8.5410e+05 9.8850e+05 2.5176e+03 -1.2798e+01
8.5417e+05 9.8850e+05 2.5399e+03 -1.3105e+01
8.5423e+05 9.8850e+05 2.5709e+03 -1.3868e+01
8.5430e+05 9.8850e+05 2.5978e+03 -1.4858e+01
8.5436e+05 9.8850e+05 2.6164e+03 -1.5632e+01
8.5443e+05 9.8850e+05 2.6225e+03 -1.5979e+01
8.5449e+05 9.8850e+05 2.6314e+03 -1.5983e+01
8.5456e+05 9.8850e+05 2.6278e+03 -1.6146e+01
8.5462e+05 9.8850e+05 2.6233e+03 -1.6194e+01
8.5469e+05 9.8850e+05 2.6118e+03 -1.5826e+01
8.5475e+05 9.8850e+05 2.5935e+03 -1.5237e+01
8.5482e+05 9.8850e+05 2.5851e+03 -1.4903e+01
8.5488e+05 9.8850e+05 2.5748e+03 -1.4490e+01
8.5495e+05 9.8850e+05 2.5798e+03 -1.4417e+01
8.5501e+05 9.8850e+05 2.5778e+03 -1.4104e+01
8.5508e+05 9.8850e+05 2.5647e+03 -1.3450e+01
8.5514e+05 9.8850e+05 2.5567e+03 -1.2819e+01
8.5521e+05 9.8850e+05 2.5297e+03 -1.2008e+01
8.5527e+05 9.8850e+05 2.5172e+03 -1.1503e+01
8.5534e+05 9.8850e+05 2.5150e+03 -1.0966e+01
8.5540e+05 9.8850e+05 2.5177e+03 -1.0234e+01
8.5547e+05 9.8850e+05 2.5261e+03 -9.3241e+00
8.5553e+05 9.8850e+05 2.5515e+03 -8.3305e+00
8.5365e+05 9.8856e+05 2.3889e+03 -8.7810e+00
8.5371e+05 9.8856e+05 2.4091e+03 -1.0330e+01
8.5378e+05 9.8856e+05 2.4193e+03 -1.1363e+01
8.5384e+05 9.8856e+05 2.4088e+03 -1.1566e+01
8.5391e+05 9.8856e+05 2.4217e+03 -1.2381e+01
8.5397e+05 9.8856e+05 2.4443e+03 -1.2349e+01
8.5404e+05 9.8856e+05 2.4712e+03 -1.2083e+01
8.5410e+05 9.8856e+05 2.4912e+03 -1.1984e+01
8.5417e+05 9.8856e+05 2.5160e+03 -1.1996e+01
8.5423e+05 9.8856e+05 2.5419e+03 -1.2338e+01
8.5430e+05 9.8856e+05 2.5605e+03 -1.2881e+01
8.5436e+05 9.8856e+05 2.5787e+03 -1.3448e+01
8.5443e+05 9.8856e+05 2.5898e+03 -1.3848e+01
8.5449e+05 9.8856e+05 2.5974e+03 -1.4130e+01
8.5456e+05 9.8856e+05 2.6093e+03 -1.4499e+01
8.5462e+05 9.8856e+05 2.6052e+03 -1.4397e+01
8.5469e+05 9.8856e+05 2.5805e+03 -1.3743e+01
8.5475e+05 9.8856e+05 2.5701e+03 -1.3441e+01
8.5482e+05 9.8856e+05 2.5559e+03 -1.3038e+01
8.5488e+05 9.8856e+05 2.5410e+03 -1.2604e+01
8.5495e+05 9.8856e+05 2.5396e+03 -1.2407e+01
8.5501e+05 9.8856e+05 2.5396e+03 -1.2190e+01
8.5508e+05 9.8856e+05 2.5434e+03 -1.1966e+01
8.5514e+05 9.8856e+05 2.5358e+03 -1.1495e+01
8.5521e+05 9.8856e+05 2.5150e+03 -1.1017e+01
8.5527e+05 9.8856e+05 2.5145e+03 -1.0632e+01
8.5534e+05 9.8856e+05 2.5185e+03 -1.0101e+01
8.5540e+05 9.8856e+05 2.5247e+03 -9.4393e+00
8.5547e+05 9.8856e+05 2.5354e+03 -8.6929e+00
8.5553e+05 9.8856e+05 2.5633e+03 -7.8899e+00
