8.5365e+05 9.8757e+05 2.2539e+03 -8.1262e+00
8.5371e+05 9.8757e+05 2.3032e+03 -8.2552e+00
8.5378e+05 9.8757e+05 2.3361e+03 -8.2980e+00
8.5384e+05 9.8757e+05 2.3746e+03 -7.4478e+00
8.5391e+05 9.8757e+05 2.4174e+03 -1.3132e+01
8.5397e+05 9.8757e+05 2.4658e+03 -9.7158e+00
8.5404e+05 9.8757e+05 2.5002e+03 -8.6719e+00
8.5410e+05 9.8757e+05 2.5306e+03 -1.2195e+01
8.5417e+05 9.8757e+05 2.5890e+03 -1.5339e+01
8.5423e+05 9.8757e+05 2.6359e+03 -9.9533e+00
8.5430e+05 9.8757e+05 2.6815e+03 -1.1001e+01
8.5436e+05 9.8757e+05 2.7076e+03 -1.2573e+01
8.5443e+05 9.8757e+05 2.6996e+03 -1.7072e+01
8.5449e+05 9.8757e+05 2.6808e+03 -1.2528e+01
8.5456e+05 9.8757e+05 2.6583e+03 -1.3357e+01
8.5462e+05 9.8757e+05 2.6333e+03 -1.6687e+01
8.5469e+05 9.8757e+05 2.6115e+03 -1.5376e+01
8.5475e+05 9.8757e+05 2.5919e+03 -1.3254e+01
8.5482e+05 9.8757e+05 2.5892e+03 -1.2790e+01
8.5488e+05 9.8757e+05 2.5953e+03 -1.3906e+01
8.5495e+05 9.8757e+05 2.5768e+03 -7.9482e+00
8.5501e+05 9.8757e+05 2.5353e+03 -1.0508e+01
8.5508e+05 9.8757e+05 2.4965e+03 -9.8128e+00
8.5514e+05 9.8757e+05 2.4612e+03 -9.4504e+00
8.5521e+05 9.8757e+05 2.4560e+03 -1.3128e+01
8.5527e+05 9.8757e+05 2.4583e+03 -1.0915e+01
8.5534e+05 9.8757e+05 2.4628e+03 -1.2459e+01
8.5540e+05 9.8757e+05 2.4770e+03 -1.2677e+01
8.5547e+05 9.8757e+05 2.4959e+03 -9.1127e+00
8.5553e+05 9.8757e+05 2.5377e+03 -9.2067e+00
8.5365e+05 9.8764e+05 2.2537e+03 -1.1457e+01
8.5371e+05 9.8764e+05 2.3046e+03 -4.7337e+00
8.5378e+05 9.8764e+05 2.3462e+03 -1.0699e+01
8.5384e+05 9.8764e+05 2.3868e+03 -6.7792e+00
8.5391e+05 9.8764e+05 2.4192e+03 -1.2357e+01
8.5397e+05 9.8764e+05 2.4739e+03 -1.1113e+01
8.5404e+05 9.8764e+05 2.5100e+03 -1.2644e+01
8.5410e+05 9.8764e+05 2.5517e+03 -1.0403e+01
8.5417e+05 9.8764e+05 2.5972e+03 -1.1297e+01
8.5423e+05 9.8764e+05 2.6431e+03 -1.3957e+01
8.5430e+05 9.8764e+05 2.7075e+03 -1.3938e+01
8.5436e+05 9.8764e+05 2.7420e+03 -1.3838e+01
8.5443e+05 9.8764e+05 2.7374e+03 -1.4846e+01
8.5449e+05 9.8764e+05 2.7136e+03 -1.1094e+01
8.5456e+05 9.8764e+05 2.6795e+03 -1.2876e+01
8.5462e+05 9.8764e+05 2.6535e+03 -1.5269e+01
8.5469e+05 9.8764e+05 2.6257e+03 -1.5980e+01
8.5475e+05 9.8764e+05 2.6019e+03 -1.4258e+01
8.5482e+05 9.8764e+05 2.5960e+03 -1.4110e+01
8.5488e+05 9.8764e+05 2.5970e+03 -1.2680e+01
8.5495e+05 9.8764e+05 2.5816e+03 -1.3284e+01
8.5501e+05 9.8764e+05 2.5414e+03 -1.2994e+01
8.5508e+05 9.8764e+05 2.5018e+03 -1.2019e+01
8.5514e+05 9.8764e+05 2.4705e+03 -1.3730e+01
8.5521e+05 9.8764e+05 2.4766e+03 -1.1143e+01
8.5527e+05 9.8764e+05 2.4925e+03 -1.0593e+01
8.5534e+05 9.8764e+05 2.4912e+03 -9.9478e+00
8.5540e+05 9.8764e+05 2.4860e+03 -9.8749e+00
8.5547e+05 9.8764e+05 2.4934e+03 -7.8245e+00
8.5553e+05 9.8764e+05 2.5104e+03 -6.9379e+00
8.5365e+05 9.8771e+05 2.2747e+03 -9.7907e+00
8.5371e+05 9.8771e+05 2.3061e+03 -8.2595e+00
8.5378e+05 9.8771e+05 2.3482e+03 -8.7144e+00
8.5384e+05 9.8771e+05 2.3866e+03 -1.2392e+01
8.5391e+05 9.8771e+05 2.4364e+03 -1.3886e+01
8.5397e+05 9.8771e+05 2.4853e+03 -1.2314e+01
8.5404e+05 9.8771e+05 2.5208e+03 -1.3461e+01
8.5410e+05 9.8771e+05 2.5501e+03 -1.3403e+01
8.5417e+05 9.8771e+05 2.6116e+03 -1.7629e+01
8.5423e+05 9.8771e+05 2.6771e+03 -1.4752e+01
8.5430e+05 9.8771e+05 2.7315e+03 -1.1042e+01
8.5436e+05 9.8771e+05 2.7519e+03 -1.2539e+01
8.5443e+05 9.8771e+05 2.7496e+03 -1.1371e+01
8.5449e+05 9.8771e+05 2.7263e+03 -1.4183e+01
8.5456e+05 9.8771e+05 2.6967e+03 -1.7769e+01
8.5462e+05 9.8771e+05 2.6605e+03 -1.5180e+01
8.5469e+05 9.8771e+05 2.6304e+03 -1.9906e+01
8.5475e+05 9.8771e+05 2.6158e+03 -1.6986e+01
8.5482e+05 9.8771e+05 2.6026e+03 -1.3510e+01
8.5488e+05 9.8771e+05 2.5976e+03 -1.5700e+01
8.5495e+05 9.8771e+05 2.5797e+03 -1.3349e+01
8.5501e+05 9.8771e+05 2.5446e+03 -1.2066e+01
8.5508e+05 9.8771e+05 2.5056e+03 -1.3693e+01
8.5514e+05 9.8771e+05 2.4785e+03 -1.5727e+01
8.5521e+05 9.8771e+05 2.4814e+03 -9.9377e+00
8.5527e+05 9.8771e+05 2.5113e+03 -1.3437e+01
8.5534e+05 9.8771e+05 2.5160e+03 -1.0556e+01
8.5540e+05 9.8771e+05 2.5074e+03 -9.6960e+00
8.5547e+05 9.8771e+05 2.5100e+03 -9.7570e+00
8.5553e+05 9.8771e+05 2.5219e+03 -8.7232e+00
8.5365e+05 9.8777e+05 2.3059e+03 -8.6842e+00
8.5371e+05 9.8777e+05 2.3303e+03 -1.0457e+01
8.5378e+05 9.8777e+05 2.3620e+03 -1.1620e+01
8.5384e+05 9.8777e+05 2.3811e+03 -1.1603e+01
8.5391e+05 9.8777e+05 2.4275e+03 -1.5784e+01
8.5397e+05 9.8777e+05 2.4942e+03 -1.3526e+01
8.5404e+05 9.8777e+05 2.5273e+03 -1.2795e+01
8.5410e+05 9.8777e+05 2.5590e+03 -1.4544e+01
8.5417e+05 9.8777e+05 2.6351e+03 -1.7328e+01
8.5423e+05 9.8777e+05 2.6833e+03 -1.7441e+01
8.5430e+05 9.8777e+05 2.7224e+03 -1.5363e+01
8.5436e+05 9.8777e+05 2.7540e+03 -1.6349e+01
8.5443e+05 9.8777e+05 2.7614e+03 -1.3106e+01
8.5449e+05 9.8777e+05 2.7395e+03 -1.2997e+01
8.5456e+05 9.8777e+05 2.7046e+03 -1.3373e+01
8.5462e+05 9.8777e+05 2.6696e+03 -1.7681e+01
8.5469e+05 9.8777e+05 2.6427e+03 -1.7313e+01
8.5475e+05 9.8777e+05 2.6414e+03 -1.6856e+01
8.5482e+05 9.8777e+05 2.6338e+03 -1.6767e+01
8.5488e+05 9.8777e+05 2.6182e+03 -1.9086e+01
8.5495e+05 9.8777e+05 2.6039e+03 -1.5512e+01
8.5501e+05 9.8777e+05 2.5629e+03 -1.7595e+01
8.5508e+05 9.8777e+05 2.5285e+03 -1.4790e+01
8.5514e+05 9.8777e+05 2.4977e+03 -1.4797e+01
8.5521e+05 9.8777e+05 2.4839e+03 -1.4686e+01
8.5527e+05 9.8777e+05 2.4995e+03 -1.1314e+01
8.5534e+05 9.8777e+05 2.5209e+03 -1.2201e+01
8.5540e+05 9.8777e+05 2.5265e+03 -1.4404e+01
8.5547e+05 9.8777e+05 2.5263e+03 -8.3417e+00
8.5553e+05 9.8777e+05 2.5340e+03 -8.6069e+00
8.5365e+05 9.8784e+05 2.3131e+03 -1.2256e+01
8.5371e+05 9.8784e+05 2.3333e+03 -9.2472e+00
8.5378e+05 9.8784e+05 2.3751e+03 -1.2077e+01
8.5384e+05 9.8784e+05 2.4005e+03 -1.2055e+01
8.5391e+05 9.8784e+05 2.4324e+03 -1.5156e+01
8.5397e+05 9.8784e+05 2.4842e+03 -1.2844e+01
8.5404e+05 9.8784e+05 2.5188e+03 -1.2750e+01
8.5410e+05 9.8784e+05 2.5781e+03 -1.4340e+01
8.5417e+05 9.8784e+05 2.6347e+03 -1.5455e+01
8.5423e+05 9.8784e+05 2.6909e+03 -1.4762e+01
8.5430e+05 9.8784e+05 2.7266e+03 -1.6160e+01
8.5436e+05 9.8784e+05 2.7560e+03 -1.4872e+01
8.5443e+05 9.8784e+05 2.7724e+03 -1.7541e+01
8.5449e+05 9.8784e+05 2.7489e+03 -1.9013e+01
8.5456e+05 9.8784e+05 2.7159e+03 -1.1451e+01
8.5462e+05 9.8784e+05 2.6828e+03 -1.6449e+01
8.5469e+05 9.8784e+05 2.6622e+03 -1.5364e+01
8.5475e+05 9.8784e+05 2.6679e+03 -1.4647e+01
8.5482e+05 9.8784e+05 2.6622e+03 -1.7086e+01
8.5488e+05 9.8784e+05 2.6542e+03 -2.0657e+01
8.5495e+05 9.8784e+05 2.6321e+03 -1.6003e+01
8.5501e+05 9.8784e+05 2.5901e+03 -1.9025e+01
8.5508e+05 9.8784e+05 2.5504e+03 -1.6504e+01
8.5514e+05 9.8784e+05 2.5158e+03 -1.7746e+01
8.5521e+05 9.8784e+05 2.4952e+03 -1.5846e+01
8.5527e+05 9.8784e+05 2.4953e+03 -1.2412e+01
8.5534e+05 9.8784e+05 2.5103e+03 -1.2358e+01
8.5540e+05 9.8784e+05 2.5309e+03 -1.2132e+01
8.5547e+05 9.8784e+05 2.5338e+03 -1.1659e+01
8.5553e+05 9.8784e+05 2.5312e+03 -8.1089e+00
8.5365e+05 9.8790e+05 2.3361e+03 -1.1721e+01
8.5371e+05 9.8790e+05 2.3764e+03 -1.0863e+01
8.5378e+05 9.8790e+05 2.3884e+03 -1.2223e+01
8.5384e+05 9.8790e+05 2.4271e+03 -1.1698e+01
8.5391e+05 9.8790e+05 2.4415e+03 -1.2792e+01
8.5397e+05 9.8790e+05 2.4959e+03 -1.5737e+01
8.5404e+05 9.8790e+05 2.5062e+03 -1.3047e+01
8.5410e+05 9.8790e+05 2.5908e+03 -1.3437e+01
8.5417e+05 9.8790e+05 2.6552e+03 -1.7633e+01
8.5423e+05 9.8790e+05 2.6865e+03 -1.6541e+01
8.5430e+05 9.8790e+05 2.7245e+03 -1.5601e+01
8.5436e+05 9.8790e+05 2.7657e+03 -1.3600e+01
8.5443e+05 9.8790e+05 2.7820e+03 -1.8631e+01
8.5449e+05 9.8790e+05 2.7609e+03 -1.4998e+01
8.5456e+05 9.8790e+05 2.7267e+03 -1.0089e+01
8.5462e+05 9.8790e+05 2.6990e+03 -1.8510e+01
8.5469e+05 9.8790e+05 2.6823e+03 -1.7570e+01
8.5475e+05 9.8790e+05 2.6921e+03 -1.6623e+01
8.5482e+05 9.8790e+05 2.6960e+03 -1.9094e+01
8.5488e+05 9.8790e+05 2.6837e+03 -1.8168e+01
8.5495e+05 9.8790e+05 2.6571e+03 -1.4011e+01
8.5501e+05 9.8790e+05 2.6102e+03 -1.6389e+01
8.5508e+05 9.8790e+05 2.5704e+03 -1.2322e+01
8.5514e+05 9.8790e+05 2.5423e+03 -1.3480e+01
8.5521e+05 9.8790e+05 2.5127e+03 -8.5205e+00
8.5527e+05 9.8790e+05 2.5021e+03 -1.0911e+01
8.5534e+05 9.8790e+05 2.5078e+03 -1.2216e+01
8.5540e+05 9.8790e+05 2.5247e+03 -1.1933e+01
8.5547e+05 9.8790e+05 2.5317e+03 -1.0643e+01
8.5553e+05 9.8790e+05 2.5233e+03 -7.9821e+00
8.5365e+05 9.8797e+05 2.3593e+03 -1.1327e+01
8.5371e+05 9.8797e+05 2.3507e+03 -1.0780e+01
8.5378e+05 9.8797e+05 2.3945e+03 -1.7251e+01
8.5384e+05 9.8797e+05 2.4183e+03 -1.5102e+01
8.5391e+05 9.8797e+05 2.4543e+03 -1.3499e+01
8.5397e+05 9.8797e+05 2.4841e+03 -1.6854e+01
8.5404e+05 9.8797e+05 2.5198e+03 -1.6482e+01
8.5410e+05 9.8797e+05 2.6070e+03 -1.4055e+01
8.5417e+05 9.8797e+05 2.6546e+03 -1.4682e+01
8.5423e+05 9.8797e+05 2.6931e+03 -1.7510e+01
8.5430e+05 9.8797e+05 2.7319e+03 -1.5338e+01
8.5436e+05 9.8797e+05 2.7737e+03 -1.5143e+01
8.5443e+05 9.8797e+05 2.7843e+03 -1.5232e+01
8.5449e+05 9.8797e+05 2.7758e+03 -1.5080e+01
8.5456e+05 9.8797e+05 2.7430e+03 -1.6508e+01
8.5462e+05 9.8797e+05 2.7131e+03 -1.8701e+01
8.5469e+05 9.8797e+05 2.6879e+03 -1.6643e+01
8.5475e+05 9.8797e+05 2.6933e+03 -1.8965e+01
8.5482e+05 9.8797e+05 2.7127e+03 -1.5650e+01
8.5488e+05 9.8797e+05 2.7081e+03 -1.5463e+01
8.5495e+05 9.8797e+05 2.6825e+03 -1.8136e+01
8.5501e+05 9.8797e+05 2.6392e+03 -1.8017e+01
8.5508e+05 9.8797e+05 2.5978e+03 -1.9931e+01
8.5514e+05 9.8797e+05 2.5611e+03 -1.6634e+01
8.5521e+05 9.8797e+05 2.5259e+03 -1.6231e+01
8.5527e+05 9.8797e+05 2.5119e+03 -1.0936e+01
8.5534e+05 9.8797e+05 2.5149e+03 -1.2816e+01
8.5540e+05 9.8797e+05 2.5194e+03 -1.1558e+01
8.5547e+05 9.8797e+05 2.5261e+03 -1.1519e+01
8.5553e+05 9.8797e+05 2.5234e+03 -1.1955e+01
8.5365e+05 9.8804e+05 2.3798e+03 -1.1023e+01
8.5371e+05 9.8804e+05 2.3735e+03 -1.0695e+01
8.5378e+05 9.8804e+05 2.3973e+03 -1.5796e+01
8.5384e+05 9.8804e+05 2.4246e+03 -1.5636e+01
8.5391e+05 9.8804e+05 2.4506e+03 -1.3856e+01
8.5397e+05 9.8804e+05 2.4817e+03 -1.6956e+01
8.5404e+05 9.8804e+05 2.5287e+03 -1.6846e+01
8.5410e+05 9.8804e+05 2.6086e+03 -1.5998e+01
8.5417e+05 9.8804e+05 2.6476e+03 -1.8751e+01
8.5423e+05 9.8804e+05 2.6944e+03 -1.6817e+01
8.5430e+05 9.8804e+05 2.7357e+03 -1.4446e+01
8.5436e+05 9.8804e+05 2.7616e+03 -1.6957e+01
8.5443e+05 9.8804e+05 2.7829e+03 -1.7090e+01
8.5449e+05 9.8804e+05 2.7861e+03 -1.6796e+01
8.5456e+05 9.8804e+05 2.7540e+03 -1.6612e+01
8.5462e+05 9.8804e+05 2.7131e+03 -1.7407e+01
8.5469e+05 9.8804e+05 2.6962e+03 -1.6903e+01
8.5475e+05 9.8804e+05 2.7040e+03 -1.8157e+01
8.5482e+05 9.8804e+05 2.7253e+03 -1.6904e+01
8.5488e+05 9.8804e+05 2.7273e+03 -1.8331e+01
8.5495e+05 9.8804e+05 2.7121e+03 -1.6769e+01
8.5501e+05 9.8804e+05 2.6674e+03 -1.6188e+01
8.5508e+05 9.8804e+05 2.6261e+03 -1.5350e+01
8.5514e+05 9.8804e+05 2.5866e+03 -1.6115e+01
8.5521e+05 9.8804e+05 2.5464e+03 -1.3555e+01
8.5527e+05 9.8804e+05 2.5298e+03 -1.2756e+01
8.5534e+05 9.8804e+05 2.5307e+03 -1.0772e+01
8.5540e+05 9.8804e+05 2.5317e+03 -1.0419e+01
8.5547e+05 9.8804e+05 2.5267e+03 -1.5038e+01
8.5553e+05 9.8804e+05 2.5222e+03 -6.6240e+00
8.5365e+05 9.8810e+05 2.4054e+03 -1.1344e+01
8.5371e+05 9.8810e+05 2.3780e+03 -1.2496e+01
8.5378e+05 9.8810e+05 2.3975e+03 -1.2462e+01
8.5384e+05 9.8810e+05 2.4342e+03 -1.4399e+01
8.5391e+05 9.8810e+05 2.4599e+03 -1.6353e+01
8.5397e+05 9.8810e+05 2.4866e+03 -1.3319e+01
8.5404e+05 9.8810e+05 2.5322e+03 -1.1693e+01
8.5410e+05 9.8810e+05 2.6015e+03 -1.9127e+01
8.5417e+05 9.8810e+05 2.6425e+03 -1.9622e+01
8.5423e+05 9.8810e+05 2.6768e+03 -1.7356e+01
8.5430e+05 9.8810e+05 2.7108e+03 -1.6341e+01
8.5436e+05 9.8810e+05 2.7492e+03 -1.3935e+01
8.5443e+05 9.8810e+05 2.7784e+03 -1.7842e+01
8.5449e+05 9.8810e+05 2.7842e+03 -1.8187e+01
8.5456e+05 9.8810e+05 2.7531e+03 -1.6514e+01
8.5462e+05 9.8810e+05 2.7163e+03 -1.7029e+01
8.5469e+05 9.8810e+05 2.6963e+03 -1.5583e+01
8.5475e+05 9.8810e+05 2.7143e+03 -1.5007e+01
8.5482e+05 9.8810e+05 2.7325e+03 -1.5087e+01
8.5488e+05 9.8810e+05 2.7416e+03 -1.3989e+01
8.5495e+05 9.8810e+05 2.7355e+03 -1.6215e+01
8.5501e+05 9.8810e+05 2.6968e+03 -1.6862e+01
8.5508e+05 9.8810e+05 2.6508e+03 -1.7023e+01
8.5514e+05 9.8810e+05 2.6044e+03 -1.5474e+01
8.5521e+05 9.8810e+05 2.5645e+03 -1.6350e+01
8.5527e+05 9.8810e+05 2.5493e+03 -1.6673e+01
8.5534e+05 9.8810e+05 2.5470e+03 -1.2053e+01
8.5540e+05 9.8810e+05 2.5421e+03 -1.2764e+01
8.5547e+05 9.8810e+05 2.5206e+03 -8.7325e+00
8.5553e+05 9.8810e+05 2.5200e+03 -1.1097e+01
8.5365e+05 9.8817e+05 2.4080e+03 -1.5064e+01
8.5371e+05 9.8817e+05 2.3858e+03 -1.4813e+01
8.5378e+05 9.8817e+05 2.3935e+03 -1.6723e+01
8.5384e+05 9.8817e+05 2.4409e+03 -1.3973e+01
8.5391e+05 9.8817e+05 2.4668e+03 -1.3990e+01
8.5397e+05 9.8817e+05 2.4881e+03 -1.0883e+01
8.5404e+05 9.8817e+05 2.5475e+03 -1.4053e+01
8.5410e+05 9.8817e+05 2.5941e+03 -1.4693e+01
8.5417e+05 9.8817e+05 2.6458e+03 -1.7699e+01
8.5423e+05 9.8817e+05 2.6748e+03 -1.6978e+01
8.5430e+05 9.8817e+05 2.7050e+03 -1.4591e+01
8.5436e+05 9.8817e+05 2.7303e+03 -1.4238e+01
8.5443e+05 9.8817e+05 2.7607e+03 -1.5412e+01
8.5449e+05 9.8817e+05 2.7741e+03 -1.6738e+01
8.5456e+05 9.8817e+05 2.7495e+03 -1.2361e+01
8.5462e+05 9.8817e+05 2.7142e+03 -1.7947e+01
8.5469e+05 9.8817e+05 2.6983e+03 -1.7367e+01
8.5475e+05 9.8817e+05 2.7109e+03 -1.5656e+01
8.5482e+05 9.8817e+05 2.7304e+03 -1.4578e+01
8.5488e+05 9.8817e+05 2.7475e+03 -1.1842e+01
8.5495e+05 9.8817e+05 2.7517e+03 -1.4634e+01
8.5501e+05 9.8817e+05 2.7116e+03 -1.6329e+01
8.5508e+05 9.8817e+05 2.6648e+03 -1.4529e+01
8.5514e+05 9.8817e+05 2.6236e+03 -1.6729e+01
8.5521e+05 9.8817e+05 2.5831e+03 -1.7689e+01
8.5527e+05 9.8817e+05 2.5610e+03 -1.5416e+01
8.5534e+05 9.8817e+05 2.5502e+03 -1.1213e+01
8.5540e+05 9.8817e+05 2.5299e+03 -1.1433e+01
8.5547e+05 9.8817e+05 2.5207e+03 -9.9606e+00
8.5553e+05 9.8817e+05 2.5193e+03 -7.7772e+00
8.5365e+05 9.8823e+05 2.4113e+03 -8.5712e+00
8.5371e+05 9.8823e+05 2.4071e+03 -9.6335e+00
8.5378e+05 9.8823e+05 2.3957e+03 -1.4427e+01
8.5384e+05 9.8823e+05 2.4303e+03 -1.5804e+01
8.5391e+05 9.8823e+05 2.4717e+03 -1.3276e+01
8.5397e+05 9.8823e+05 2.5039e+03 -1.5942e+01
8.5404e+05 9.8823e+05 2.5387e+03 -1.4878e+01
8.5410e+05 9.8823e+05 2.5951e+03 -1.3137e+01
8.5417e+05 9.8823e+05 2.6308e+03 -1.8061e+01
8.5423e+05 9.8823e+05 2.6649e+03 -1.4961e+01
8.5430e+05 9.8823e+05 2.6879e+03 -1.7312e+01
8.5436e+05 9.8823e+05 2.7182e+03 -1.3528e+01
8.5443e+05 9.8823e+05 2.7414e+03 -1.4640e+01
8.5449e+05 9.8823e+05 2.7510e+03 -1.7438e+01
8.5456e+05 9.8823e+05 2.7388e+03 -1.2089e+01
8.5462e+05 9.8823e+05 2.7068e+03 -1.6680e+01
8.5469e+05 9.8823e+05 2.6944e+03 -1.6486e+01
8.5475e+05 9.8823e+05 2.7047e+03 -1.6418e+01
8.5482e+05 9.8823e+05 2.7244e+03 -1.3548e+01
8.5488e+05 9.8823e+05 2.7399e+03 -1.3958e+01
8.5495e+05 9.8823e+05 2.7447e+03 -1.7659e+01
8.5501e+05 9.8823e+05 2.7226e+03 -1.3505e+01
8.5508e+05 9.8823e+05 2.6806e+03 -1.7323e+01
8.5514e+05 9.8823e+05 2.6433e+03 -1.9614e+01
8.5521e+05 9.8823e+05 2.6060e+03 -1.7367e+01
8.5527e+05 9.8823e+05 2.5740e+03 -1.3014e+01
8.5534e+05 9.8823e+05 2.5430e+03 -1.6807e+01
8.5540e+05 9.8823e+05 2.5196e+03 -9.3027e+00
8.5547e+05 9.8823e+05 2.5184e+03 -8.5870e+00
8.5553e+05 9.8823e+05 2.5210e+03 -8.6666e+00
8.5365e+05 9.8830e+05 2.4089e+03 -1.2282e+01
8.5371e+05 9.8830e+05 2.4095e+03 -1.4067e+01
8.5378e+05 9.8830e+05 2.3927e+03 -1.4409e+01
8.5384e+05 9.8830e+05 2.4224e+03 -1.5433e+01
8.5391e+05 9.8830e+05 2.4607e+03 -1.1894e+01
8.5397e+05 9.8830e+05 2.5025e+03 -1.6235e+01
8.5404e+05 9.8830e+05 2.5410e+03 -1.2361e+01
8.5410e+05 9.8830e+05 2.5896e+03 -1.7246e+01
8.5417e+05 9.8830e+05 2.6081e+03 -1.7410e+01
8.5423e+05 9.8830e+05 2.6467e+03 -2.0244e+01
8.5430e+05 9.8830e+05 2.6614e+03 -1.2220e+01
8.5436e+05 9.8830e+05 2.6847e+03 -1.9845e+01
8.5443e+05 9.8830e+05 2.7106e+03 -1.0263e+01
8.5449e+05 9.8830e+05 2.7186e+03 -1.7159e+01
8.5456e+05 9.8830e+05 2.7137e+03 -1.5864e+01
8.5462e+05 9.8830e+05 2.6947e+03 -1.5883e+01
8.5469e+05 9.8830e+05 2.6785e+03 -1.5954e+01
8.5475e+05 9.8830e+05 2.6747e+03 -1.3374e+01
8.5482e+05 9.8830e+05 2.6969e+03 -1.7197e+01
8.5488e+05 9.8830e+05 2.7158e+03 -1.4566e+01
8.5495e+05 9.8830e+05 2.7168e+03 -1.6078e+01
8.5501e+05 9.8830e+05 2.7118e+03 -1.3004e+01
8.5508e+05 9.8830e+05 2.6907e+03 -1.6492e+01
8.5514e+05 9.8830e+05 2.6529e+03 -1.6962e+01
8.5521e+05 9.8830e+05 2.6120e+03 -1.3123e+01
8.5527e+05 9.8830e+05 2.5711e+03 -1.5242e+01
8.5534e+05 9.8830e+05 2.5318e+03 -1.4061e+01
8.5540e+05 9.8830e+05 2.5153e+03 -1.0524e+01
8.5547e+05 9.8830e+05 2.5171e+03 -1.0252e+01
8.5553e+05 9.8830e+05 2.5228e+03 -8.7350e+00
8.5365e+05 9.8837e+05 2.4173e+03 -9.9616e+00
8.5371e+05 9.8837e+05 2.4170e+03 -1.4397e+01
8.5378e+05 9.8837e+05 2.4048e+03 -1.6210e+01
8.5384e+05 9.8837e+05 2.4197e+03 -1.3768e+01
8.5391e+05 9.8837e+05 2.4442e+03 -1.7157e+01
8.5397e+05 9.8837e+05 2.4951e+03 -1.6692e+01
8.5404e+05 9.8837e+05 2.5261e+03 -1.2869e+01
8.5410e+05 9.8837e+05 2.5573e+03 -1.3845e+01
8.5417e+05 9.8837e+05 2.5844e+03 -1.6179e+01
8.5423e+05 9.8837e+05 2.6102e+03 -1.6762e+01
8.5430e+05 9.8837e+05 2.6405e+03 -1.6283e+01
8.5436e+05 9.8837e+05 2.6644e+03 -1.7511e+01
8.5443e+05 9.8837e+05 2.6772e+03 -1.8524e+01
8.5449e+05 9.8837e+05 2.6865e+03 -1.7778e+01
8.5456e+05 9.8837e+05 2.6825e+03 -1.6285e+01
8.5462e+05 9.8837e+05 2.6720e+03 -1.5603e+01
8.5469e+05 9.8837e+05 2.6596e+03 -1.3419e+01
8.5475e+05 9.8837e+05 2.6501e+03 -1.9599e+01
8.5482e+05 9.8837e+05 2.6626e+03 -1.4910e+01
8.5488e+05 9.8837e+05 2.6794e+03 -1.7749e+01
8.5495e+05 9.8837e+05 2.6881e+03 -1.4287e+01
8.5501e+05 9.8837e+05 2.6817e+03 -1.7495e+01
8.5508e+05 9.8837e+05 2.6602e+03 -1.6136e+01
8.5514e+05 9.8837e+05 2.6288e+03 -1.3115e+01
8.5521e+05 9.8837e+05 2.5941e+03 -1.4322e+01
8.5527e+05 9.8837e+05 2.5521e+03 -1.2235e+01
8.5534e+05 9.8837e+05 2.5208e+03 -1.4325e+01
8.5540e+05 9.8837e+05 2.5131e+03 -1.2378e+01
8.5547e+05 9.8837e+05 2.5172e+03 -9.2386e+00
8.5553e+05 9.8837e+05 2.5248e+03 -7.6076e+00
8.5365e+05 9.8843e+05 2.4018e+03 -1.3445e+01
8.5371e+05 9.8843e+05 2.4183e+03 -1.5001e+01
8.5378e+05 9.8843e+05 2.4103e+03 -1.4074e+01
8.5384e+05 9.8843e+05 2.4093e+03 -1.3135e+01
8.5391e+05 9.8843e+05 2.4317e+03 -1.3985e+01
8.5397e+05 9.8843e+05 2.4714e+03 -1.2285e+01
8.5404e+05 9.8843e+05 2.5058e+03 -1.1964e+01
8.5410e+05 9.8843e+05 2.5380e+03 -1.7130e+01
8.5417e+05 9.8843e+05 2.5610e+03 -1.3140e+01
8.5423e+05 9.8843e+05 2.5971e+03 -1.8133e+01
8.5430e+05 9.8843e+05 2.6210e+03 -1.5814e+01
8.5436e+05 9.8843e+05 2.6419e+03 -1.3317e+01
8.5443e+05 9.8843e+05 2.6618e+03 -1.4569e+01
8.5449e+05 9.8843e+05 2.6570e+03 -1.5809e+01
8.5456e+05 9.8843e+05 2.6467e+03 -1.4214e+01
8.5462e+05 9.8843e+05 2.6449e+03 -1.5432e+01
8.5469e+05 9.8843e+05 2.6392e+03 -1.6305e+01
8.5475e+05 9.8843e+05 2.6196e+03 -1.6194e+01
8.5482e+05 9.8843e+05 2.6197e+03 -1.6067e+01
8.5488e+05 9.8843e+05 2.6316e+03 -1.7941e+01
8.5495e+05 9.8843e+05 2.6383e+03 -1.9132e+01
8.5501e+05 9.8843e+05 2.6319e+03 -1.7153e+01
8.5508e+05 9.8843e+05 2.6195e+03 -1.4529e+01
8.5514e+05 9.8843e+05 2.5892e+03 -1.5174e+01
8.5521e+05 9.8843e+05 2.5576e+03 -1.4581e+01
8.5527e+05 9.8843e+05 2.5260e+03 -1.0923e+01
8.5534e+05 9.8843e+05 2.5167e+03 -1.3252e+01
8.5540e+05 9.8843e+05 2.5150e+03 -1.1719e+01
8.5547e+05 9.8843e+05 2.5197e+03 -1.0594e+01
8.5553e+05 9.8843e+05 2.5399e+03 -9.7086e+00
8.5365e+05 9.8850e+05 2.3987e+03 -9.3695e+00
8.5371e+05 9.8850e+05 2.4188e+03 -1.2443e+01
8.5378e+05 9.8850e+05 2.4189e+03 -8.9257e+00
8.5384e+05 9.8850e+05 2.4080e+03 -1.3023e+01
8.5391e+05 9.8850e+05 2.4288e+03 -1.2322e+01
8.5397e+05 9.8850e+05 2.4590e+03 -1.3769e+01
8.5404e+05 9.8850e+05 2.4856e+03 -1.3434e+01
8.5410e+05 9.8850e+05 2.5176e+03 -1.1879e+01
8.5417e+05 9.8850e+05 2.5399e+03 -1.1785e+01
8.5423e+05 9.8850e+05 2.5709e+03 -1.3042e+01
8.5430e+05 9.8850e+05 2.5978e+03 -1.4382e+01
8.5436e+05 9.8850e+05 2.6164e+03 -1.6621e+01
8.5443e+05 9.8850e+05 2.6225e+03 -1.5777e+01
8.5449e+05 9.8850e+05 2.6314e+03 -1.4099e+01
8.5456e+05 9.8850e+05 2.6278e+03 -1.5788e+01
8.5462e+05 9.8850e+05 2.6233e+03 -1.7486e+01
8.5469e+05 9.8850e+05 2.6118e+03 -1.5783e+01
8.5475e+05 9.8850e+05 2.5935e+03 -1.2361e+01
8.5482e+05 9.8850e+05 2.5851e+03 -1.3712e+01
8.5488e+05 9.8850e+05 2.5748e+03 -1.6707e+01
8.5495e+05 9.8850e+05 2.5798e+03 -1.2635e+01
8.5501e+05 9.8850e+05 2.5778e+03 -1.4212e+01
8.5508e+05 9.8850e+05 2.5647e+03 -1.4759e+01
8.5514e+05 9.8850e+05 2.5567e+03 -1.3503e+01
8.5521e+05 9.8850e+05 2.5297e+03 -1.2052e+01
8.5527e+05 9.8850e+05 2.5172e+03 -9.9006e+00
8.5534e+05 9.8850e+05 2.5150e+03 -1.2919e+01
8.5540e+05 9.8850e+05 2.5177e+03 -1.4197e+01
8.5547e+05 9.8850e+05 2.5261e+03 -9.9753e+00
8.5553e+05 9.8850e+05 2.5515e+03 -7.7420e+00
8.5365e+05 9.8856e+05 2.3889e+03 -8.2443e+00
8.5371e+05 9.8856e+05 2.4091e+03 -1.2143e+01
8.5378e+05 9.8856e+05 2.4193e+03 -1.0878e+01
8.5384e+05 9.8856e+05 2.4088e+03 -6.4483e+00
8.5391e+05 9.8856e+05 2.4217e+03 -1.1096e+01
8.5397e+05 9.8856e+05 2.4443e+03 -1.3348e+01
8.5404e+05 9.8856e+05 2.4712e+03 -1.1467e+01
8.5410e+05 9.8856e+05 2.4912e+03 -1.4141e+01
8.5417e+05 9.8856e+05 2.5160e+03 -1.2366e+01
8.5423e+05 9.8856e+05 2.5419e+03 -1.1545e+01
8.5430e+05 9.8856e+05 2.5605e+03 -1.5300e+01
8.5436e+05 9.8856e+05 2.5787e+03 -1.0419e+01
8.5443e+05 9.8856e+05 2.5898e+03 -1.2649e+01
8.5449e+05 9.8856e+05 2.5974e+03 -1.6559e+01
8.5456e+05 9.8856e+05 2.6093e+03 -1.5913e+01
8.5462e+05 9.8856e+05 2.6052e+03 -1.6032e+01
8.5469e+05 9.8856e+05 2.5805e+03 -1.0512e+01
8.5475e+05 9.8856e+05 2.5701e+03 -1.1850e+01
8.5482e+05 9.8856e+05 2.5559e+03 -1.5510e+01
8.5488e+05 9.8856e+05 2.5410e+03 -1.4271e+01
8.5495e+05 9.8856e+05 2.5396e+03 -1.3165e+01
8.5501e+05 9.8856e+05 2.5396e+03 -1.1581e+01
8.5508e+05 9.8856e+05 2.5434e+03 -8.9712e+00
8.5514e+05 9.8856e+05 2.5358e+03 -1.0592e+01
8.5521e+05 9.8856e+05 2.5150e+03 -7.9171e+00
8.5527e+05 9.8856e+05 2.5145e+03 -9.6374e+00
8.5534e+05 9.8856e+05 2.5185e+03 -9.3494e+00
8.5540e+05 9.8856e+05 2.5247e+03 -1.0765e+01
8.5547e+05 9.8856e+05 2.5354e+03 -7.8567e+00
8.5553e+05 9.8856e+05 2.5633e+03 -1.0299e+01
