8.5365e+05 9.8757e+05 2.2539e+03 -3.5022e+00
8.5371e+05 9.8757e+05 2.3032e+03 -3.9009e+00
8.5378e+05 9.8757e+05 2.3361e+03 -3.6415e+00
8.5384e+05 9.8757e+05 2.3746e+03 -2.8428e+00
8.5391e+05 9.8757e+05 2.4174e+03 -4.4445e+00
8.5397e+05 9.8757e+05 2.4658e+03 -3.1596e+00
8.5404e+05 9.8757e+05 2.5002e+03 -2.8174e+00
8.5410e+05 9.8757e+05 2.5306e+03 -4.1462e+00
8.5417e+05 9.8757e+05 2.5890e+03 -5.0855e+00
8.5423e+05 9.8757e+05 2.6359e+03 -2.8381e+00
8.5430e+05 9.8757e+05 2.6815e+03 -3.7538e+00
8.5436e+05 9.8757e+05 2.7076e+03 -4.6347e+00
8.5443e+05 9.8757e+05 2.6996e+03 -6.3365e+00
8.5449e+05 9.8757e+05 2.6808e+03 -4.3781e+00
8.5456e+05 9.8757e+05 2.6583e+03 -4.4366e+00
8.5462e+05 9.8757e+05 2.6333e+03 -5.3944e+00
8.5469e+05 9.8757e+05 2.6115e+03 -4.8394e+00
8.5475e+05 9.8757e+05 2.5919e+03 -4.1128e+00
8.5482e+05 9.8757e+05 2.5892e+03 -3.9434e+00
8.5488e+05 9.8757e+05 2.5953e+03 -4.3603e+00
8.5495e+05 9.8757e+05 2.5768e+03 -2.1899e+00
8.5501e+05 9.8757e+05 2.5353e+03 -3.4113e+00
8.5508e+05 9.8757e+05 2.4965e+03 -3.1865e+00
8.5514e+05 9.8757e+05 2.4612e+03 -2.9736e+00
8.5521e+05 9.8757e+05 2.4560e+03 -4.4005e+00
8.5527e+05 9.8757e+05 2.4583e+03 -3.5672e+00
8.5534e+05 9.8757e+05 2.4628e+03 -4.2217e+00
8.5540e+05 9.8757e+05 2.4770e+03 -4.4121e+00
8.5547e+05 9.8757e+05 2.4959e+03 -3.1712e+00
8.5553e+05 9.8757e+05 2.5377e+03 -3.3710e+00
8.5365e+05 9.8764e+05 2.2537e+03 -4.8757e+00
8.5371e+05 9.8764e+05 2.3046e+03 -2.6697e+00
8.5378e+05 9.8764e+05 2.3462e+03 -4.5451e+00
8.5384e+05 9.8764e+05 2.3868e+03 -2.3560e+00
8.5391e+05 9.8764e+05 2.4192e+03 -3.9405e+00
8.5397e+05 9.8764e+05 2.4739e+03 -3.5460e+00
8.5404e+05 9.8764e+05 2.5100e+03 -4.2122e+00
8.5410e+05 9.8764e+05 2.5517e+03 -3.2116e+00
8.5417e+05 9.8764e+05 2.5972e+03 -3.2081e+00
8.5423e+05 9.8764e+05 2.6431e+03 -4.2616e+00
8.5430e+05 9.8764e+05 2.7075e+03 -5.0504e+00
8.5436e+05 9.8764e+05 2.7420e+03 -5.3847e+00
8.5443e+05 9.8764e+05 2.7374e+03 -5.7645e+00
8.5449e+05 9.8764e+05 2.7136e+03 -4.0715e+00
8.5456e+05 9.8764e+05 2.6795e+03 -4.3352e+00
8.5462e+05 9.8764e+05 2.6535e+03 -4.8691e+00
8.5469e+05 9.8764e+05 2.6257e+03 -4.6939e+00
8.5475e+05 9.8764e+05 2.6019e+03 -4.1528e+00
8.5482e+05 9.8764e+05 2.5960e+03 -4.1271e+00
8.5488e+05 9.8764e+05 2.5970e+03 -3.5761e+00
8.5495e+05 9.8764e+05 2.5816e+03 -3.9818e+00
8.5501e+05 9.8764e+05 2.5414e+03 -4.1713e+00
8.5508e+05 9.8764e+05 2.5018e+03 -3.8822e+00
8.5514e+05 9.8764e+05 2.4705e+03 -4.4808e+00
8.5521e+05 9.8764e+05 2.4766e+03 -3.4957e+00
8.5527e+05 9.8764e+05 2.4925e+03 -3.3626e+00
8.5534e+05 9.8764e+05 2.4912e+03 -3.1568e+00
8.5540e+05 9.8764e+05 2.4860e+03 -3.1901e+00
8.5547e+05 9.8764e+05 2.4934e+03 -2.5465e+00
8.5553e+05 9.8764e+05 2.5104e+03 -2.4029e+00
8.5365e+05 9.8771e+05 2.2747e+03 -4.5846e+00
8.5371e+05 9.8771e+05 2.3061e+03 -4.0952e+00
8.5378e+05 9.8771e+05 2.3482e+03 -3.7751e+00
8.5384e+05 9.8771e+05 2.3866e+03 -4.5273e+00
8.5391e+05 9.8771e+05 2.4364e+03 -4.4206e+00
8.5397e+05 9.8771e+05 2.4853e+03 -3.9546e+00
8.5404e+05 9.8771e+05 2.5208e+03 -4.4274e+00
8.5410e+05 9.8771e+05 2.5501e+03 -4.2674e+00
8.5417e+05 9.8771e+05 2.6116e+03 -5.4412e+00
8.5423e+05 9.8771e+05 2.6771e+03 -4.9147e+00
8.5430e+05 9.8771e+05 2.7315e+03 -4.1204e+00
8.5436e+05 9.8771e+05 2.7519e+03 -4.9000e+00
8.5443e+05 9.8771e+05 2.7496e+03 -4.4567e+00
8.5449e+05 9.8771e+05 2.7263e+03 -5.3878e+00
8.5456e+05 9.8771e+05 2.6967e+03 -6.4267e+00
8.5462e+05 9.8771e+05 2.6605e+03 -4.8465e+00
8.5469e+05 9.8771e+05 2.6304e+03 -6.1722e+00
8.5475e+05 9.8771e+05 2.6158e+03 -4.9733e+00
8.5482e+05 9.8771e+05 2.6026e+03 -3.6900e+00
8.5488e+05 9.8771e+05 2.5976e+03 -4.5887e+00
8.5495e+05 9.8771e+05 2.5797e+03 -3.8488e+00
8.5501e+05 9.8771e+05 2.5446e+03 -3.6456e+00
8.5508e+05 9.8771e+05 2.5056e+03 -4.4360e+00
8.5514e+05 9.8771e+05 2.4785e+03 -5.1957e+00
8.5521e+05 9.8771e+05 2.4814e+03 -2.9437e+00
8.5527e+05 9.8771e+05 2.5113e+03 -4.4269e+00
8.5534e+05 9.8771e+05 2.5160e+03 -3.3754e+00
8.5540e+05 9.8771e+05 2.5074e+03 -3.1091e+00
8.5547e+05 9.8771e+05 2.5100e+03 -3.2782e+00
8.5553e+05 9.8771e+05 2.5219e+03 -3.0598e+00
8.5365e+05 9.8777e+05 2.3059e+03 -4.1140e+00
8.5371e+05 9.8777e+05 2.3303e+03 -4.7124e+00
8.5378e+05 9.8777e+05 2.3620e+03 -4.7119e+00
8.5384e+05 9.8777e+05 2.3811e+03 -4.3009e+00
8.5391e+05 9.8777e+05 2.4275e+03 -5.0883e+00
8.5397e+05 9.8777e+05 2.4942e+03 -4.3936e+00
8.5404e+05 9.8777e+05 2.5273e+03 -4.0926e+00
8.5410e+05 9.8777e+05 2.5590e+03 -4.5859e+00
8.5417e+05 9.8777e+05 2.6351e+03 -5.2774e+00
8.5423e+05 9.8777e+05 2.6833e+03 -5.9989e+00
8.5430e+05 9.8777e+05 2.7224e+03 -5.7037e+00
8.5436e+05 9.8777e+05 2.7540e+03 -6.3650e+00
8.5443e+05 9.8777e+05 2.7614e+03 -5.1646e+00
8.5449e+05 9.8777e+05 2.7395e+03 -5.0252e+00
8.5456e+05 9.8777e+05 2.7046e+03 -4.8087e+00
8.5462e+05 9.8777e+05 2.6696e+03 -5.9342e+00
8.5469e+05 9.8777e+05 2.6427e+03 -5.3002e+00
8.5475e+05 9.8777e+05 2.6414e+03 -5.0488e+00
8.5482e+05 9.8777e+05 2.6338e+03 -4.8603e+00
8.5488e+05 9.8777e+05 2.6182e+03 -5.6672e+00
8.5495e+05 9.8777e+05 2.6039e+03 -4.4082e+00
8.5501e+05 9.8777e+05 2.5629e+03 -5.5909e+00
8.5508e+05 9.8777e+05 2.5285e+03 -4.7449e+00
8.5514e+05 9.8777e+05 2.4977e+03 -4.8151e+00
8.5521e+05 9.8777e+05 2.4839e+03 -4.7591e+00
8.5527e+05 9.8777e+05 2.4995e+03 -3.5127e+00
8.5534e+05 9.8777e+05 2.5209e+03 -3.9730e+00
8.5540e+05 9.8777e+05 2.5265e+03 -4.9374e+00
8.5547e+05 9.8777e+05 2.5263e+03 -2.7072e+00
8.5553e+05 9.8777e+05 2.5340e+03 -2.9792e+00
8.5365e+05 9.8784e+05 2.3131e+03 -5.4781e+00
8.5371e+05 9.8784e+05 2.3333e+03 -4.2096e+00
8.5378e+05 9.8784e+05 2.3751e+03 -4.6620e+00
8.5384e+05 9.8784e+05 2.4005e+03 -4.1102e+00
8.5391e+05 9.8784e+05 2.4324e+03 -4.8354e+00
8.5397e+05 9.8784e+05 2.4842e+03 -4.0756e+00
8.5404e+05 9.8784e+05 2.5188e+03 -4.0421e+00
8.5410e+05 9.8784e+05 2.5781e+03 -4.3403e+00
8.5417e+05 9.8784e+05 2.6347e+03 -4.4946e+00
8.5423e+05 9.8784e+05 2.6909e+03 -5.0229e+00
8.5430e+05 9.8784e+05 2.7266e+03 -6.0469e+00
8.5436e+05 9.8784e+05 2.7560e+03 -5.7867e+00
8.5443e+05 9.8784e+05 2.7724e+03 -6.9284e+00
8.5449e+05 9.8784e+05 2.7489e+03 -7.4252e+00
8.5456e+05 9.8784e+05 2.7159e+03 -4.1954e+00
8.5462e+05 9.8784e+05 2.6828e+03 -5.6498e+00
8.5469e+05 9.8784e+05 2.6622e+03 -4.8317e+00
8.5475e+05 9.8784e+05 2.6679e+03 -4.5820e+00
8.5482e+05 9.8784e+05 2.6622e+03 -5.4002e+00
8.5488e+05 9.8784e+05 2.6542e+03 -6.6368e+00
8.5495e+05 9.8784e+05 2.6321e+03 -4.4789e+00
8.5501e+05 9.8784e+05 2.5901e+03 -5.8736e+00
8.5508e+05 9.8784e+05 2.5504e+03 -5.2454e+00
8.5514e+05 9.8784e+05 2.5158e+03 -5.9226e+00
8.5521e+05 9.8784e+05 2.4952e+03 -5.2112e+00
8.5527e+05 9.8784e+05 2.4953e+03 -3.9073e+00
8.5534e+05 9.8784e+05 2.5103e+03 -3.9862e+00
8.5540e+05 9.8784e+05 2.5309e+03 -4.0117e+00
8.5547e+05 9.8784e+05 2.5338e+03 -3.9606e+00
8.5553e+05 9.8784e+05 2.5312e+03 -2.7591e+00
8.5365e+05 9.8790e+05 2.3361e+03 -5.0420e+00
8.5371e+05 9.8790e+05 2.3764e+03 -4.1999e+00
8.5378e+05 9.8790e+05 2.3884e+03 -4.4402e+00
8.5384e+05 9.8790e+05 2.4271e+03 -3.4876e+00
8.5391e+05 9.8790e+05 2.4415e+03 -3.9183e+00
8.5397e+05 9.8790e+05 2.4959e+03 -5.1923e+00
8.5404e+05 9.8790e+05 2.5062e+03 -4.1498e+00
8.5410e+05 9.8790e+05 2.5908e+03 -3.8692e+00
8.5417e+05 9.8790e+05 2.6552e+03 -5.6029e+00
8.5423e+05 9.8790e+05 2.6865e+03 -5.6586e+00
8.5430e+05 9.8790e+05 2.7245e+03 -5.8016e+00
8.5436e+05 9.8790e+05 2.7657e+03 -5.3354e+00
8.5443e+05 9.8790e+05 2.7820e+03 -7.3781e+00
8.5449e+05 9.8790e+05 2.7609e+03 -5.9125e+00
8.5456e+05 9.8790e+05 2.7267e+03 -3.7778e+00
8.5462e+05 9.8790e+05 2.6990e+03 -6.6983e+00
8.5469e+05 9.8790e+05 2.6823e+03 -6.0103e+00
8.5475e+05 9.8790e+05 2.6921e+03 -5.7370e+00
8.5482e+05 9.8790e+05 2.6960e+03 -6.7150e+00
8.5488e+05 9.8790e+05 2.6837e+03 -6.1125e+00
8.5495e+05 9.8790e+05 2.6571e+03 -4.0524e+00
8.5501e+05 9.8790e+05 2.6102e+03 -4.6309e+00
8.5508e+05 9.8790e+05 2.5704e+03 -3.4132e+00
8.5514e+05 9.8790e+05 2.5423e+03 -4.1289e+00
8.5521e+05 9.8790e+05 2.5127e+03 -2.3391e+00
8.5527e+05 9.8790e+05 2.5021e+03 -3.3202e+00
8.5534e+05 9.8790e+05 2.5078e+03 -3.9096e+00
8.5540e+05 9.8790e+05 2.5247e+03 -3.9127e+00
8.5547e+05 9.8790e+05 2.5317e+03 -3.5482e+00
8.5553e+05 9.8790e+05 2.5233e+03 -2.7066e+00
8.5365e+05 9.8797e+05 2.3593e+03 -4.5863e+00
8.5371e+05 9.8797e+05 2.3507e+03 -4.5082e+00
8.5378e+05 9.8797e+05 2.3945e+03 -6.2454e+00
8.5384e+05 9.8797e+05 2.4183e+03 -4.9043e+00
8.5391e+05 9.8797e+05 2.4543e+03 -4.2119e+00
8.5397e+05 9.8797e+05 2.4841e+03 -5.5914e+00
8.5404e+05 9.8797e+05 2.5198e+03 -5.4409e+00
8.5410e+05 9.8797e+05 2.6070e+03 -3.9722e+00
8.5417e+05 9.8797e+05 2.6546e+03 -4.4275e+00
8.5423e+05 9.8797e+05 2.6931e+03 -6.1120e+00
8.5430e+05 9.8797e+05 2.7319e+03 -5.7595e+00
8.5436e+05 9.8797e+05 2.7737e+03 -5.9684e+00
8.5443e+05 9.8797e+05 2.7843e+03 -6.0446e+00
8.5449e+05 9.8797e+05 2.7758e+03 -6.0033e+00
8.5456e+05 9.8797e+05 2.7430e+03 -6.4219e+00
8.5462e+05 9.8797e+05 2.7131e+03 -6.9664e+00
8.5469e+05 9.8797e+05 2.6879e+03 -5.7460e+00
8.5475e+05 9.8797e+05 2.6933e+03 -6.6808e+00
8.5482e+05 9.8797e+05 2.7127e+03 -5.6439e+00
8.5488e+05 9.8797e+05 2.7081e+03 -5.4480e+00
8.5495e+05 9.8797e+05 2.6825e+03 -6.0537e+00
8.5501e+05 9.8797e+05 2.6392e+03 -5.3376e+00
8.5508e+05 9.8797e+05 2.5978e+03 -6.1192e+00
8.5514e+05 9.8797e+05 2.5611e+03 -5.1873e+00
8.5521e+05 9.8797e+05 2.5259e+03 -5.2980e+00
8.5527e+05 9.8797e+05 2.5119e+03 -3.3283e+00
8.5534e+05 9.8797e+05 2.5149e+03 -4.1346e+00
8.5540e+05 9.8797e+05 2.5194e+03 -3.7498e+00
8.5547e+05 9.8797e+05 2.5261e+03 -3.8858e+00
8.5553e+05 9.8797e+05 2.5234e+03 -4.2457e+00
8.5365e+05 9.8804e+05 2.3798e+03 -4.1759e+00
8.5371e+05 9.8804e+05 2.3735e+03 -4.0767e+00
8.5378e+05 9.8804e+05 2.3973e+03 -5.6005e+00
8.5384e+05 9.8804e+05 2.4246e+03 -4.9735e+00
8.5391e+05 9.8804e+05 2.4506e+03 -4.3263e+00
8.5397e+05 9.8804e+05 2.4817e+03 -5.6152e+00
8.5404e+05 9.8804e+05 2.5287e+03 -5.5462e+00
8.5410e+05 9.8804e+05 2.6086e+03 -4.6945e+00
8.5417e+05 9.8804e+05 2.6476e+03 -5.8973e+00
8.5423e+05 9.8804e+05 2.6944e+03 -5.8383e+00
8.5430e+05 9.8804e+05 2.7357e+03 -5.4402e+00
8.5436e+05 9.8804e+05 2.7616e+03 -6.6098e+00
8.5443e+05 9.8804e+05 2.7829e+03 -6.7645e+00
8.5449e+05 9.8804e+05 2.7861e+03 -6.7138e+00
8.5456e+05 9.8804e+05 2.7540e+03 -6.5363e+00
8.5462e+05 9.8804e+05 2.7131e+03 -6.4627e+00
8.5469e+05 9.8804e+05 2.6962e+03 -5.9769e+00
8.5475e+05 9.8804e+05 2.7040e+03 -6.5414e+00
8.5482e+05 9.8804e+05 2.7253e+03 -6.3308e+00
8.5488e+05 9.8804e+05 2.7273e+03 -6.8605e+00
8.5495e+05 9.8804e+05 2.7121e+03 -5.9753e+00
8.5501e+05 9.8804e+05 2.6674e+03 -5.0476e+00
8.5508e+05 9.8804e+05 2.6261e+03 -4.0884e+00
8.5514e+05 9.8804e+05 2.5866e+03 -4.7289e+00
8.5521e+05 9.8804e+05 2.5464e+03 -4.1050e+00
8.5527e+05 9.8804e+05 2.5298e+03 -3.9734e+00
8.5534e+05 9.8804e+05 2.5307e+03 -3.2928e+00
8.5540e+05 9.8804e+05 2.5317e+03 -3.2799e+00
8.5547e+05 9.8804e+05 2.5267e+03 -5.2493e+00
8.5553e+05 9.8804e+05 2.5222e+03 -2.1565e+00
8.5365e+05 9.8810e+05 2.4054e+03 -3.9247e+00
8.5371e+05 9.8810e+05 2.3780e+03 -4.6928e+00
8.5378e+05 9.8810e+05 2.3975e+03 -4.2837e+00
8.5384e+05 9.8810e+05 2.4342e+03 -4.5055e+00
8.5391e+05 9.8810e+05 2.4599e+03 -5.3223e+00
8.5397e+05 9.8810e+05 2.4866e+03 -4.1993e+00
8.5404e+05 9.8810e+05 2.5322e+03 -3.5135e+00
8.5410e+05 9.8810e+05 2.6015e+03 -5.9422e+00
8.5417e+05 9.8810e+05 2.6425e+03 -6.1332e+00
8.5423e+05 9.8810e+05 2.6768e+03 -5.7845e+00
8.5430e+05 9.8810e+05 2.7108e+03 -5.9126e+00
8.5436e+05 9.8810e+05 2.7492e+03 -5.3658e+00
8.5443e+05 9.8810e+05 2.7784e+03 -7.0618e+00
8.5449e+05 9.8810e+05 2.7842e+03 -7.2579e+00
8.5456e+05 9.8810e+05 2.7531e+03 -6.4855e+00
8.5462e+05 9.8810e+05 2.7163e+03 -6.3444e+00
8.5469e+05 9.8810e+05 2.6963e+03 -5.4607e+00
8.5475e+05 9.8810e+05 2.7143e+03 -5.4675e+00
8.5482e+05 9.8810e+05 2.7325e+03 -5.7102e+00
8.5488e+05 9.8810e+05 2.7416e+03 -5.3254e+00
8.5495e+05 9.8810e+05 2.7355e+03 -6.0688e+00
8.5501e+05 9.8810e+05 2.6968e+03 -5.7451e+00
8.5508e+05 9.8810e+05 2.6508e+03 -5.0861e+00
8.5514e+05 9.8810e+05 2.6044e+03 -4.2803e+00
8.5521e+05 9.8810e+05 2.5645e+03 -5.0078e+00
8.5527e+05 9.8810e+05 2.5493e+03 -5.3424e+00
8.5534e+05 9.8810e+05 2.5470e+03 -3.6802e+00
8.5540e+05 9.8810e+05 2.5421e+03 -4.1508e+00
8.5547e+05 9.8810e+05 2.5206e+03 -2.7830e+00
8.5553e+05 9.8810e+05 2.5200e+03 -3.8991e+00
8.5365e+05 9.8817e+05 2.4080e+03 -5.3297e+00
8.5371e+05 9.8817e+05 2.3858e+03 -5.4569e+00
8.5378e+05 9.8817e+05 2.3935e+03 -6.0177e+00
8.5384e+05 9.8817e+05 2.4409e+03 -4.3588e+00
8.5391e+05 9.8817e+05 2.4668e+03 -4.4195e+00
8.5397e+05 9.8817e+05 2.4881e+03 -3.2566e+00
8.5404e+05 9.8817e+05 2.5475e+03 -4.3849e+00
8.5410e+05 9.8817e+05 2.5941e+03 -4.2411e+00
8.5417e+05 9.8817e+05 2.6458e+03 -5.3970e+00
8.5423e+05 9.8817e+05 2.6748e+03 -5.5594e+00
8.5430e+05 9.8817e+05 2.7050e+03 -5.1164e+00
8.5436e+05 9.8817e+05 2.7303e+03 -5.3270e+00
8.5443e+05 9.8817e+05 2.7607e+03 -6.0480e+00
8.5449e+05 9.8817e+05 2.7741e+03 -6.6730e+00
8.5456e+05 9.8817e+05 2.7495e+03 -4.8423e+00
8.5462e+05 9.8817e+05 2.7142e+03 -6.6571e+00
8.5469e+05 9.8817e+05 2.6983e+03 -6.1671e+00
8.5475e+05 9.8817e+05 2.7109e+03 -5.6607e+00
8.5482e+05 9.8817e+05 2.7304e+03 -5.4717e+00
8.5488e+05 9.8817e+05 2.7475e+03 -4.5280e+00
8.5495e+05 9.8817e+05 2.7517e+03 -5.6172e+00
8.5501e+05 9.8817e+05 2.7116e+03 -5.7418e+00
8.5508e+05 9.8817e+05 2.6648e+03 -4.3100e+00
8.5514e+05 9.8817e+05 2.6236e+03 -4.5812e+00
8.5521e+05 9.8817e+05 2.5831e+03 -5.3459e+00
8.5527e+05 9.8817e+05 2.5610e+03 -4.7338e+00
8.5534e+05 9.8817e+05 2.5502e+03 -3.3118e+00
8.5540e+05 9.8817e+05 2.5299e+03 -3.6571e+00
8.5547e+05 9.8817e+05 2.5207e+03 -3.2600e+00
8.5553e+05 9.8817e+05 2.5193e+03 -2.6012e+00
8.5365e+05 9.8823e+05 2.4113e+03 -2.7405e+00
8.5371e+05 9.8823e+05 2.4071e+03 -3.0562e+00
8.5378e+05 9.8823e+05 2.3957e+03 -5.0777e+00
8.5384e+05 9.8823e+05 2.4303e+03 -5.0408e+00
8.5391e+05 9.8823e+05 2.4717e+03 -4.1584e+00
8.5397e+05 9.8823e+05 2.5039e+03 -5.2476e+00
8.5404e+05 9.8823e+05 2.5387e+03 -4.7380e+00
8.5410e+05 9.8823e+05 2.5951e+03 -3.6225e+00
8.5417e+05 9.8823e+05 2.6308e+03 -5.3035e+00
8.5423e+05 9.8823e+05 2.6649e+03 -4.5904e+00
8.5430e+05 9.8823e+05 2.6879e+03 -5.8988e+00
8.5436e+05 9.8823e+05 2.7182e+03 -4.8917e+00
8.5443e+05 9.8823e+05 2.7414e+03 -5.6178e+00
8.5449e+05 9.8823e+05 2.7510e+03 -6.8200e+00
8.5456e+05 9.8823e+05 2.7388e+03 -4.6445e+00
8.5462e+05 9.8823e+05 2.7068e+03 -6.0286e+00
8.5469e+05 9.8823e+05 2.6944e+03 -5.7308e+00
8.5475e+05 9.8823e+05 2.7047e+03 -5.8368e+00
8.5482e+05 9.8823e+05 2.7244e+03 -4.9739e+00
8.5488e+05 9.8823e+05 2.7399e+03 -5.2751e+00
8.5495e+05 9.8823e+05 2.7447e+03 -6.7256e+00
8.5501e+05 9.8823e+05 2.7226e+03 -4.7712e+00
8.5508e+05 9.8823e+05 2.6806e+03 -5.6113e+00
8.5514e+05 9.8823e+05 2.6433e+03 -5.9468e+00
8.5521e+05 9.8823e+05 2.6060e+03 -5.0205e+00
8.5527e+05 9.8823e+05 2.5740e+03 -3.7035e+00
8.5534e+05 9.8823e+05 2.5430e+03 -5.5511e+00
8.5540e+05 9.8823e+05 2.5196e+03 -2.8546e+00
8.5547e+05 9.8823e+05 2.5184e+03 -2.7257e+00
8.5553e+05 9.8823e+05 2.5210e+03 -2.9493e+00
8.5365e+05 9.8830e+05 2.4089e+03 -4.2252e+00
8.5371e+05 9.8830e+05 2.4095e+03 -4.7443e+00
8.5378e+05 9.8830e+05 2.3927e+03 -5.1275e+00
8.5384e+05 9.8830e+05 2.4224e+03 -4.9323e+00
8.5391e+05 9.8830e+05 2.4607e+03 -3.6003e+00
8.5397e+05 9.8830e+05 2.5025e+03 -5.3758e+00
8.5404e+05 9.8830e+05 2.5410e+03 -3.7717e+00
8.5410e+05 9.8830e+05 2.5896e+03 -5.2954e+00
8.5417e+05 9.8830e+05 2.6081e+03 -5.1118e+00
8.5423e+05 9.8830e+05 2.6467e+03 -6.3702e+00
8.5430e+05 9.8830e+05 2.6614e+03 -3.4839e+00
8.5436e+05 9.8830e+05 2.6847e+03 -6.8587e+00
8.5443e+05 9.8830e+05 2.7106e+03 -3.5253e+00
8.5449e+05 9.8830e+05 2.7186e+03 -6.3505e+00
8.5456e+05 9.8830e+05 2.7137e+03 -5.7829e+00
8.5462e+05 9.8830e+05 2.6947e+03 -5.4926e+00
8.5469e+05 9.8830e+05 2.6785e+03 -5.2373e+00
8.5475e+05 9.8830e+05 2.6747e+03 -4.1505e+00
8.5482e+05 9.8830e+05 2.6969e+03 -5.9634e+00
8.5488e+05 9.8830e+05 2.7158e+03 -5.1744e+00
8.5495e+05 9.8830e+05 2.7168e+03 -5.7295e+00
8.5501e+05 9.8830e+05 2.7118e+03 -4.4009e+00
8.5508e+05 9.8830e+05 2.6907e+03 -5.4116e+00
8.5514e+05 9.8830e+05 2.6529e+03 -5.0540e+00
8.5521e+05 9.8830e+05 2.6120e+03 -3.3465e+00
8.5527e+05 9.8830e+05 2.5711e+03 -4.6521e+00
8.5534e+05 9.8830e+05 2.5318e+03 -4.5655e+00
8.5540e+05 9.8830e+05 2.5153e+03 -3.3411e+00
8.5547e+05 9.8830e+05 2.5171e+03 -3.3818e+00
8.5553e+05 9.8830e+05 2.5228e+03 -2.9819e+00
8.5365e+05 9.8837e+05 2.4173e+03 -3.1900e+00
8.5371e+05 9.8837e+05 2.4170e+03 -4.7429e+00
8.5378e+05 9.8837e+05 2.4048e+03 -5.6062e+00
8.5384e+05 9.8837e+05 2.4197e+03 -4.3394e+00
8.5391e+05 9.8837e+05 2.4442e+03 -5.6143e+00
8.5397e+05 9.8837e+05 2.4951e+03 -5.5600e+00
8.5404e+05 9.8837e+05 2.5261e+03 -4.0486e+00
8.5410e+05 9.8837e+05 2.5573e+03 -4.2401e+00
8.5417e+05 9.8837e+05 2.5844e+03 -4.8688e+00
8.5423e+05 9.8837e+05 2.6102e+03 -4.8348e+00
8.5430e+05 9.8837e+05 2.6405e+03 -4.7463e+00
8.5436e+05 9.8837e+05 2.6644e+03 -5.6034e+00
8.5443e+05 9.8837e+05 2.6772e+03 -6.2231e+00
8.5449e+05 9.8837e+05 2.6865e+03 -6.0905e+00
8.5456e+05 9.8837e+05 2.6825e+03 -5.4447e+00
8.5462e+05 9.8837e+05 2.6720e+03 -4.9951e+00
8.5469e+05 9.8837e+05 2.6596e+03 -3.9214e+00
8.5475e+05 9.8837e+05 2.6501e+03 -6.1650e+00
8.5482e+05 9.8837e+05 2.6626e+03 -4.5081e+00
8.5488e+05 9.8837e+05 2.6794e+03 -5.8409e+00
8.5495e+05 9.8837e+05 2.6881e+03 -4.5789e+00
8.5501e+05 9.8837e+05 2.6817e+03 -5.7035e+00
8.5508e+05 9.8837e+05 2.6602e+03 -4.8535e+00
8.5514e+05 9.8837e+05 2.6288e+03 -3.2662e+00
8.5521e+05 9.8837e+05 2.5941e+03 -4.0472e+00
8.5527e+05 9.8837e+05 2.5521e+03 -3.6773e+00
8.5534e+05 9.8837e+05 2.5208e+03 -4.7340e+00
8.5540e+05 9.8837e+05 2.5131e+03 -4.0780e+00
8.5547e+05 9.8837e+05 2.5172e+03 -3.0019e+00
8.5553e+05 9.8837e+05 2.5248e+03 -2.5551e+00
8.5365e+05 9.8843e+05 2.4018e+03 -4.7873e+00
8.5371e+05 9.8843e+05 2.4183e+03 -4.9655e+00
8.5378e+05 9.8843e+05 2.4103e+03 -4.6787e+00
8.5384e+05 9.8843e+05 2.4093e+03 -4.3003e+00
8.5391e+05 9.8843e+05 2.4317e+03 -4.3462e+00
8.5397e+05 9.8843e+05 2.4714e+03 -3.8118e+00
8.5404e+05 9.8843e+05 2.5058e+03 -3.7495e+00
8.5410e+05 9.8843e+05 2.5380e+03 -5.6934e+00
8.5417e+05 9.8843e+05 2.5610e+03 -3.9418e+00
8.5423e+05 9.8843e+05 2.5971e+03 -5.5564e+00
8.5430e+05 9.8843e+05 2.6210e+03 -4.4080e+00
8.5436e+05 9.8843e+05 2.6419e+03 -3.6415e+00
8.5443e+05 9.8843e+05 2.6618e+03 -4.4365e+00
8.5449e+05 9.8843e+05 2.6570e+03 -4.8603e+00
8.5456e+05 9.8843e+05 2.6467e+03 -4.0777e+00
8.5462e+05 9.8843e+05 2.6449e+03 -4.5090e+00
8.5469e+05 9.8843e+05 2.6392e+03 -4.7417e+00
8.5475e+05 9.8843e+05 2.6196e+03 -4.5037e+00
8.5482e+05 9.8843e+05 2.6197e+03 -4.4417e+00
8.5488e+05 9.8843e+05 2.6316e+03 -5.2152e+00
8.5495e+05 9.8843e+05 2.6383e+03 -5.7639e+00
8.5501e+05 9.8843e+05 2.6319e+03 -4.8978e+00
8.5508e+05 9.8843e+05 2.6195e+03 -3.8486e+00
8.5514e+05 9.8843e+05 2.5892e+03 -4.4318e+00
8.5521e+05 9.8843e+05 2.5576e+03 -4.5374e+00
8.5527e+05 9.8843e+05 2.5260e+03 -3.3630e+00
8.5534e+05 9.8843e+05 2.5167e+03 -4.3632e+00
8.5540e+05 9.8843e+05 2.5150e+03 -3.8591e+00
8.5547e+05 9.8843e+05 2.5197e+03 -3.5661e+00
8.5553e+05 9.8843e+05 2.5399e+03 -3.3922e+00
8.5365e+05 9.8850e+05 2.3987e+03 -3.2513e+00
8.5371e+05 9.8850e+05 2.4188e+03 -3.9872e+00
8.5378e+05 9.8850e+05 2.4189e+03 -2.5462e+00
8.5384e+05 9.8850e+05 2.4080e+03 -4.3062e+00
8.5391e+05 9.8850e+05 2.4288e+03 -3.7241e+00
8.5397e+05 9.8850e+05 2.4590e+03 -4.4030e+00
8.5404e+05 9.8850e+05 2.4856e+03 -4.3548e+00
8.5410e+05 9.8850e+05 2.5176e+03 -3.7751e+00
8.5417e+05 9.8850e+05 2.5399e+03 -3.6520e+00
8.5423e+05 9.8850e+05 2.5709e+03 -3.9110e+00
8.5430e+05 9.8850e+05 2.5978e+03 -4.1536e+00
8.5436e+05 9.8850e+05 2.6164e+03 -4.8419e+00
8.5443e+05 9.8850e+05 2.6225e+03 -4.4562e+00
8.5449e+05 9.8850e+05 2.6314e+03 -3.8754e+00
8.5456e+05 9.8850e+05 2.6278e+03 -4.4756e+00
8.5462e+05 9.8850e+05 2.6233e+03 -5.0982e+00
8.5469e+05 9.8850e+05 2.6118e+03 -4.5079e+00
8.5475e+05 9.8850e+05 2.5935e+03 -3.3010e+00
8.5482e+05 9.8850e+05 2.5851e+03 -3.8890e+00
8.5488e+05 9.8850e+05 2.5748e+03 -5.1402e+00
8.5495e+05 9.8850e+05 2.5798e+03 -3.5196e+00
8.5501e+05 9.8850e+05 2.5778e+03 -4.1713e+00
8.5508e+05 9.8850e+05 2.5647e+03 -4.5318e+00
8.5514e+05 9.8850e+05 2.5567e+03 -4.1781e+00
8.5521e+05 9.8850e+05 2.5297e+03 -3.8256e+00
8.5527e+05 9.8850e+05 2.5172e+03 -3.0692e+00
8.5534e+05 9.8850e+05 2.5150e+03 -4.3068e+00
8.5540e+05 9.8850e+05 2.5177e+03 -4.8998e+00
8.5547e+05 9.8850e+05 2.5261e+03 -3.3772e+00
8.5553e+05 9.8850e+05 2.5515e+03 -2.6355e+00
8.5365e+05 9.8856e+05 2.3889e+03 -2.9721e+00
8.5371e+05 9.8856e+05 2.4091e+03 -4.1102e+00
8.5378e+05 9.8856e+05 2.4193e+03 -3.4017e+00
8.5384e+05 9.8856e+05 2.4088e+03 -1.8144e+00
8.5391e+05 9.8856e+05 2.4217e+03 -3.3960e+00
8.5397e+05 9.8856e+05 2.4443e+03 -4.3068e+00
8.5404e+05 9.8856e+05 2.4712e+03 -3.6710e+00
8.5410e+05 9.8856e+05 2.4912e+03 -4.7657e+00
8.5417e+05 9.8856e+05 2.5160e+03 -4.0793e+00
8.5423e+05 9.8856e+05 2.5419e+03 -3.6588e+00
8.5430e+05 9.8856e+05 2.5605e+03 -4.9684e+00
8.5436e+05 9.8856e+05 2.5787e+03 -2.9090e+00
8.5443e+05 9.8856e+05 2.5898e+03 -3.6870e+00
8.5449e+05 9.8856e+05 2.5974e+03 -5.1532e+00
8.5456e+05 9.8856e+05 2.6093e+03 -4.8081e+00
8.5462e+05 9.8856e+05 2.6052e+03 -4.8774e+00
8.5469e+05 9.8856e+05 2.5805e+03 -2.8850e+00
8.5475e+05 9.8856e+05 2.5701e+03 -3.4741e+00
8.5482e+05 9.8856e+05 2.5559e+03 -4.9988e+00
8.5488e+05 9.8856e+05 2.5410e+03 -4.6207e+00
8.5495e+05 9.8856e+05 2.5396e+03 -4.2153e+00
8.5501e+05 9.8856e+05 2.5396e+03 -3.6191e+00
8.5508e+05 9.8856e+05 2.5434e+03 -2.6110e+00
8.5514e+05 9.8856e+05 2.5358e+03 -3.3383e+00
8.5521e+05 9.8856e+05 2.5150e+03 -2.3923e+00
8.5527e+05 9.8856e+05 2.5145e+03 -3.0945e+00
8.5534e+05 9.8856e+05 2.5185e+03 -3.0362e+00
8.5540e+05 9.8856e+05 2.5247e+03 -3.6643e+00
8.5547e+05 9.8856e+05 2.5354e+03 -2.6115e+00
8.5553e+05 9.8856e+05 2.5633e+03 -3.6508e+00
