8.5365e+05 9.8757e+05 2.2539e+03 -3.3387e+00
8.5371e+05 9.8757e+05 2.3032e+03 -3.8445e+00
8.5378e+05 9.8757e+05 2.3361e+03 -3.8311e+00
8.5384e+05 9.8757e+05 2.3746e+03 -3.7225e+00
8.5391e+05 9.8757e+05 2.4174e+03 -3.8345e+00
8.5397e+05 9.8757e+05 2.4658e+03 -3.6593e+00
8.5404e+05 9.8757e+05 2.5002e+03 -3.6308e+00
8.5410e+05 9.8757e+05 2.5306e+03 -3.7993e+00
8.5417e+05 9.8757e+05 2.5890e+03 -3.9927e+00
8.5423e+05 9.8757e+05 2.6359e+03 -3.9316e+00
8.5430e+05 9.8757e+05 2.6815e+03 -4.2413e+00
8.5436e+05 9.8757e+05 2.7076e+03 -4.5108e+00
8.5443e+05 9.8757e+05 2.6996e+03 -4.7148e+00
8.5449e+05 9.8757e+05 2.6808e+03 -4.4810e+00
8.5456e+05 9.8757e+05 2.6583e+03 -4.4126e+00
8.5462e+05 9.8757e+05 2.6333e+03 -4.4107e+00
8.5469e+05 9.8757e+05 2.6115e+03 -4.2612e+00
8.5475e+05 9.8757e+05 2.5919e+03 -4.0993e+00
8.5482e+05 9.8757e+05 2.5892e+03 -4.0367e+00
8.5488e+05 9.8757e+05 2.5953e+03 -4.0384e+00
8.5495e+05 9.8757e+05 2.5768e+03 -3.7328e+00
8.5501e+05 9.8757e+05 2.5353e+03 -3.7770e+00
8.5508e+05 9.8757e+05 2.4965e+03 -3.7261e+00
8.5514e+05 9.8757e+05 2.4612e+03 -3.7063e+00
8.5521e+05 9.8757e+05 2.4560e+03 -3.7910e+00
8.5527e+05 9.8757e+05 2.4583e+03 -3.6008e+00
8.5534e+05 9.8757e+05 2.4628e+03 -3.5205e+00
8.5540e+05 9.8757e+05 2.4770e+03 -3.3429e+00
8.5547e+05 9.8757e+05 2.4959e+03 -2.9999e+00
8.5553e+05 9.8757e+05 2.5377e+03 -2.7813e+00
8.5365e+05 9.8764e+05 2.2537e+03 -3.8052e+00
8.5371e+05 9.8764e+05 2.3046e+03 -4.1222e+00
8.5378e+05 9.8764e+05 2.3462e+03 -4.2506e+00
8.5384e+05 9.8764e+05 2.3868e+03 -3.9610e+00
8.5391e+05 9.8764e+05 2.4192e+03 -4.0780e+00
8.5397e+05 9.8764e+05 2.4739e+03 -3.9358e+00
8.5404e+05 9.8764e+05 2.5100e+03 -3.9947e+00
8.5410e+05 9.8764e+05 2.5517e+03 -3.9331e+00
8.5417e+05 9.8764e+05 2.5972e+03 -4.0468e+00
8.5423e+05 9.8764e+05 2.6431e+03 -4.3475e+00
8.5430e+05 9.8764e+05 2.7075e+03 -4.7724e+00
8.5436e+05 9.8764e+05 2.7420e+03 -5.0937e+00
8.5443e+05 9.8764e+05 2.7374e+03 -5.1894e+00
8.5449e+05 9.8764e+05 2.7136e+03 -4.9344e+00
8.5456e+05 9.8764e+05 2.6795e+03 -4.8011e+00
8.5462e+05 9.8764e+05 2.6535e+03 -4.7246e+00
8.5469e+05 9.8764e+05 2.6257e+03 -4.5633e+00
8.5475e+05 9.8764e+05 2.6019e+03 -4.3840e+00
8.5482e+05 9.8764e+05 2.5960e+03 -4.3168e+00
8.5488e+05 9.8764e+05 2.5970e+03 -4.2043e+00
8.5495e+05 9.8764e+05 2.5816e+03 -4.1484e+00
8.5501e+05 9.8764e+05 2.5414e+03 -4.0776e+00
8.5508e+05 9.8764e+05 2.5018e+03 -4.0222e+00
8.5514e+05 9.8764e+05 2.4705e+03 -4.0881e+00
8.5521e+05 9.8764e+05 2.4766e+03 -3.9005e+00
8.5527e+05 9.8764e+05 2.4925e+03 -3.7331e+00
8.5534e+05 9.8764e+05 2.4912e+03 -3.5686e+00
8.5540e+05 9.8764e+05 2.4860e+03 -3.4053e+00
8.5547e+05 9.8764e+05 2.4934e+03 -3.1175e+00
8.5553e+05 9.8764e+05 2.5104e+03 -2.8589e+00
8.5365e+05 9.8771e+05 2.2747e+03 -4.2185e+00
8.5371e+05 9.8771e+05 2.3061e+03 -4.5163e+00
8.5378e+05 9.8771e+05 2.3482e+03 -4.4330e+00
8.5384e+05 9.8771e+05 2.3866e+03 -4.4399e+00
8.5391e+05 9.8771e+05 2.4364e+03 -4.2963e+00
8.5397e+05 9.8771e+05 2.4853e+03 -4.1629e+00
8.5404e+05 9.8771e+05 2.5208e+03 -4.2069e+00
8.5410e+05 9.8771e+05 2.5501e+03 -4.2386e+00
8.5417e+05 9.8771e+05 2.6116e+03 -4.5038e+00
8.5423e+05 9.8771e+05 2.6771e+03 -4.7571e+00
8.5430e+05 9.8771e+05 2.7315e+03 -5.0801e+00
8.5436e+05 9.8771e+05 2.7519e+03 -5.4172e+00
8.5443e+05 9.8771e+05 2.7496e+03 -5.4519e+00
8.5449e+05 9.8771e+05 2.7263e+03 -5.4453e+00
8.5456e+05 9.8771e+05 2.6967e+03 -5.3865e+00
8.5462e+05 9.8771e+05 2.6605e+03 -5.0186e+00
8.5469e+05 9.8771e+05 2.6304e+03 -4.9749e+00
8.5475e+05 9.8771e+05 2.6158e+03 -4.7494e+00
8.5482e+05 9.8771e+05 2.6026e+03 -4.5173e+00
8.5488e+05 9.8771e+05 2.5976e+03 -4.5256e+00
8.5495e+05 9.8771e+05 2.5797e+03 -4.3406e+00
8.5501e+05 9.8771e+05 2.5446e+03 -4.2227e+00
8.5508e+05 9.8771e+05 2.5056e+03 -4.2691e+00
8.5514e+05 9.8771e+05 2.4785e+03 -4.3444e+00
8.5521e+05 9.8771e+05 2.4814e+03 -4.0355e+00
8.5527e+05 9.8771e+05 2.5113e+03 -3.9817e+00
8.5534e+05 9.8771e+05 2.5160e+03 -3.7062e+00
8.5540e+05 9.8771e+05 2.5074e+03 -3.5126e+00
8.5547e+05 9.8771e+05 2.5100e+03 -3.3072e+00
8.5553e+05 9.8771e+05 2.5219e+03 -3.0360e+00
8.5365e+05 9.8777e+05 2.3059e+03 -4.2417e+00
8.5371e+05 9.8777e+05 2.3303e+03 -4.5693e+00
8.5378e+05 9.8777e+05 2.3620e+03 -4.6276e+00
8.5384e+05 9.8777e+05 2.3811e+03 -4.6462e+00
8.5391e+05 9.8777e+05 2.4275e+03 -4.5870e+00
8.5397e+05 9.8777e+05 2.4942e+03 -4.3567e+00
8.5404e+05 9.8777e+05 2.5273e+03 -4.3344e+00
8.5410e+05 9.8777e+05 2.5590e+03 -4.4426e+00
8.5417e+05 9.8777e+05 2.6351e+03 -4.7193e+00
8.5423e+05 9.8777e+05 2.6833e+03 -5.0982e+00
8.5430e+05 9.8777e+05 2.7224e+03 -5.4214e+00
8.5436e+05 9.8777e+05 2.7540e+03 -5.8290e+00
8.5443e+05 9.8777e+05 2.7614e+03 -5.8649e+00
8.5449e+05 9.8777e+05 2.7395e+03 -5.7511e+00
8.5456e+05 9.8777e+05 2.7046e+03 -5.5133e+00
8.5462e+05 9.8777e+05 2.6696e+03 -5.4021e+00
8.5469e+05 9.8777e+05 2.6427e+03 -5.1596e+00
8.5475e+05 9.8777e+05 2.6414e+03 -5.0791e+00
8.5482e+05 9.8777e+05 2.6338e+03 -4.9541e+00
8.5488e+05 9.8777e+05 2.6182e+03 -4.8878e+00
8.5495e+05 9.8777e+05 2.6039e+03 -4.6257e+00
8.5501e+05 9.8777e+05 2.5629e+03 -4.5937e+00
8.5508e+05 9.8777e+05 2.5285e+03 -4.4368e+00
8.5514e+05 9.8777e+05 2.4977e+03 -4.4200e+00
8.5521e+05 9.8777e+05 2.4839e+03 -4.3671e+00
8.5527e+05 9.8777e+05 2.4995e+03 -4.0757e+00
8.5534e+05 9.8777e+05 2.5209e+03 -3.8968e+00
8.5540e+05 9.8777e+05 2.5265e+03 -3.7809e+00
8.5547e+05 9.8777e+05 2.5263e+03 -3.3363e+00
8.5553e+05 9.8777e+05 2.5340e+03 -3.1148e+00
8.5365e+05 9.8784e+05 2.3131e+03 -4.4457e+00
8.5371e+05 9.8784e+05 2.3333e+03 -4.6291e+00
8.5378e+05 9.8784e+05 2.3751e+03 -4.6767e+00
8.5384e+05 9.8784e+05 2.4005e+03 -4.6558e+00
8.5391e+05 9.8784e+05 2.4324e+03 -4.6794e+00
8.5397e+05 9.8784e+05 2.4842e+03 -4.4857e+00
8.5404e+05 9.8784e+05 2.5188e+03 -4.4731e+00
8.5410e+05 9.8784e+05 2.5781e+03 -4.5653e+00
8.5417e+05 9.8784e+05 2.6347e+03 -4.7918e+00
8.5423e+05 9.8784e+05 2.6909e+03 -5.2017e+00
8.5430e+05 9.8784e+05 2.7266e+03 -5.6634e+00
8.5436e+05 9.8784e+05 2.7560e+03 -5.9788e+00
8.5443e+05 9.8784e+05 2.7724e+03 -6.3263e+00
8.5449e+05 9.8784e+05 2.7489e+03 -6.2579e+00
8.5456e+05 9.8784e+05 2.7159e+03 -5.7195e+00
8.5462e+05 9.8784e+05 2.6828e+03 -5.6364e+00
8.5469e+05 9.8784e+05 2.6622e+03 -5.3970e+00
8.5475e+05 9.8784e+05 2.6679e+03 -5.3495e+00
8.5482e+05 9.8784e+05 2.6622e+03 -5.3163e+00
8.5488e+05 9.8784e+05 2.6542e+03 -5.2917e+00
8.5495e+05 9.8784e+05 2.6321e+03 -4.8684e+00
8.5501e+05 9.8784e+05 2.5901e+03 -4.7941e+00
8.5508e+05 9.8784e+05 2.5504e+03 -4.6048e+00
8.5514e+05 9.8784e+05 2.5158e+03 -4.6147e+00
8.5521e+05 9.8784e+05 2.4952e+03 -4.4949e+00
8.5527e+05 9.8784e+05 2.4953e+03 -4.2419e+00
8.5534e+05 9.8784e+05 2.5103e+03 -4.0385e+00
8.5540e+05 9.8784e+05 2.5309e+03 -3.7808e+00
8.5547e+05 9.8784e+05 2.5338e+03 -3.5398e+00
8.5553e+05 9.8784e+05 2.5312e+03 -3.1815e+00
8.5365e+05 9.8790e+05 2.3361e+03 -4.3432e+00
8.5371e+05 9.8790e+05 2.3764e+03 -4.4367e+00
8.5378e+05 9.8790e+05 2.3884e+03 -4.6698e+00
8.5384e+05 9.8790e+05 2.4271e+03 -4.5503e+00
8.5391e+05 9.8790e+05 2.4415e+03 -4.6471e+00
8.5397e+05 9.8790e+05 2.4959e+03 -4.6649e+00
8.5404e+05 9.8790e+05 2.5062e+03 -4.5996e+00
8.5410e+05 9.8790e+05 2.5908e+03 -4.6334e+00
8.5417e+05 9.8790e+05 2.6552e+03 -5.0732e+00
8.5423e+05 9.8790e+05 2.6865e+03 -5.3717e+00
8.5430e+05 9.8790e+05 2.7245e+03 -5.7595e+00
8.5436e+05 9.8790e+05 2.7657e+03 -6.1466e+00
8.5443e+05 9.8790e+05 2.7820e+03 -6.5934e+00
8.5449e+05 9.8790e+05 2.7609e+03 -6.3455e+00
8.5456e+05 9.8790e+05 2.7267e+03 -5.8982e+00
8.5462e+05 9.8790e+05 2.6990e+03 -5.9885e+00
8.5469e+05 9.8790e+05 2.6823e+03 -5.7762e+00
8.5475e+05 9.8790e+05 2.6921e+03 -5.7527e+00
8.5482e+05 9.8790e+05 2.6960e+03 -5.7804e+00
8.5488e+05 9.8790e+05 2.6837e+03 -5.5233e+00
8.5495e+05 9.8790e+05 2.6571e+03 -5.0496e+00
8.5501e+05 9.8790e+05 2.6102e+03 -4.8236e+00
8.5508e+05 9.8790e+05 2.5704e+03 -4.5254e+00
8.5514e+05 9.8790e+05 2.5423e+03 -4.4913e+00
8.5521e+05 9.8790e+05 2.5127e+03 -4.2451e+00
8.5527e+05 9.8790e+05 2.5021e+03 -4.2406e+00
8.5534e+05 9.8790e+05 2.5078e+03 -4.1156e+00
8.5540e+05 9.8790e+05 2.5247e+03 -3.8616e+00
8.5547e+05 9.8790e+05 2.5317e+03 -3.5724e+00
8.5553e+05 9.8790e+05 2.5233e+03 -3.2524e+00
8.5365e+05 9.8797e+05 2.3593e+03 -4.2311e+00
8.5371e+05 9.8797e+05 2.3507e+03 -4.6891e+00
8.5378e+05 9.8797e+05 2.3945e+03 -4.8778e+00
8.5384e+05 9.8797e+05 2.4183e+03 -4.8030e+00
8.5391e+05 9.8797e+05 2.4543e+03 -4.6880e+00
8.5397e+05 9.8797e+05 2.4841e+03 -4.8024e+00
8.5404e+05 9.8797e+05 2.5198e+03 -4.7789e+00
8.5410e+05 9.8797e+05 2.6070e+03 -4.7316e+00
8.5417e+05 9.8797e+05 2.6546e+03 -5.0323e+00
8.5423e+05 9.8797e+05 2.6931e+03 -5.5304e+00
8.5430e+05 9.8797e+05 2.7319e+03 -5.8893e+00
8.5436e+05 9.8797e+05 2.7737e+03 -6.3629e+00
8.5443e+05 9.8797e+05 2.7843e+03 -6.5729e+00
8.5449e+05 9.8797e+05 2.7758e+03 -6.5712e+00
8.5456e+05 9.8797e+05 2.7430e+03 -6.3815e+00
8.5462e+05 9.8797e+05 2.7131e+03 -6.2091e+00
8.5469e+05 9.8797e+05 2.6879e+03 -5.8813e+00
8.5475e+05 9.8797e+05 2.6933e+03 -5.9539e+00
8.5482e+05 9.8797e+05 2.7127e+03 -5.8854e+00
8.5488e+05 9.8797e+05 2.7081e+03 -5.7050e+00
8.5495e+05 9.8797e+05 2.6825e+03 -5.4677e+00
8.5501e+05 9.8797e+05 2.6392e+03 -5.0629e+00
8.5508e+05 9.8797e+05 2.5978e+03 -4.8988e+00
8.5514e+05 9.8797e+05 2.5611e+03 -4.6487e+00
8.5521e+05 9.8797e+05 2.5259e+03 -4.5645e+00
8.5527e+05 9.8797e+05 2.5119e+03 -4.2612e+00
8.5534e+05 9.8797e+05 2.5149e+03 -4.1654e+00
8.5540e+05 9.8797e+05 2.5194e+03 -3.9060e+00
8.5547e+05 9.8797e+05 2.5261e+03 -3.6633e+00
8.5553e+05 9.8797e+05 2.5234e+03 -3.4472e+00
8.5365e+05 9.8804e+05 2.3798e+03 -4.1227e+00
8.5371e+05 9.8804e+05 2.3735e+03 -4.5323e+00
8.5378e+05 9.8804e+05 2.3973e+03 -4.8306e+00
8.5384e+05 9.8804e+05 2.4246e+03 -4.8121e+00
8.5391e+05 9.8804e+05 2.4506e+03 -4.7508e+00
8.5397e+05 9.8804e+05 2.4817e+03 -4.8477e+00
8.5404e+05 9.8804e+05 2.5287e+03 -4.8163e+00
8.5410e+05 9.8804e+05 2.6086e+03 -4.8427e+00
8.5417e+05 9.8804e+05 2.6476e+03 -5.1974e+00
8.5423e+05 9.8804e+05 2.6944e+03 -5.5490e+00
8.5430e+05 9.8804e+05 2.7357e+03 -5.9221e+00
8.5436e+05 9.8804e+05 2.7616e+03 -6.3761e+00
8.5443e+05 9.8804e+05 2.7829e+03 -6.6772e+00
8.5449e+05 9.8804e+05 2.7861e+03 -6.7757e+00
8.5456e+05 9.8804e+05 2.7540e+03 -6.5273e+00
8.5462e+05 9.8804e+05 2.7131e+03 -6.2077e+00
8.5469e+05 9.8804e+05 2.6962e+03 -6.0109e+00
8.5475e+05 9.8804e+05 2.7040e+03 -6.0656e+00
8.5482e+05 9.8804e+05 2.7253e+03 -6.1014e+00
8.5488e+05 9.8804e+05 2.7273e+03 -6.0372e+00
8.5495e+05 9.8804e+05 2.7121e+03 -5.6881e+00
8.5501e+05 9.8804e+05 2.6674e+03 -5.1977e+00
8.5508e+05 9.8804e+05 2.6261e+03 -4.7990e+00
8.5514e+05 9.8804e+05 2.5866e+03 -4.6466e+00
8.5521e+05 9.8804e+05 2.5464e+03 -4.4437e+00
8.5527e+05 9.8804e+05 2.5298e+03 -4.3071e+00
8.5534e+05 9.8804e+05 2.5307e+03 -4.0637e+00
8.5540e+05 9.8804e+05 2.5317e+03 -3.8509e+00
8.5547e+05 9.8804e+05 2.5267e+03 -3.8196e+00
8.5553e+05 9.8804e+05 2.5222e+03 -3.2603e+00
8.5365e+05 9.8810e+05 2.4054e+03 -3.9934e+00
8.5371e+05 9.8810e+05 2.3780e+03 -4.5718e+00
8.5378e+05 9.8810e+05 2.3975e+03 -4.7031e+00
8.5384e+05 9.8810e+05 2.4342e+03 -4.7228e+00
8.5391e+05 9.8810e+05 2.4599e+03 -4.8193e+00
8.5397e+05 9.8810e+05 2.4866e+03 -4.7001e+00
8.5404e+05 9.8810e+05 2.5322e+03 -4.6157e+00
8.5410e+05 9.8810e+05 2.6015e+03 -4.9618e+00
8.5417e+05 9.8810e+05 2.6425e+03 -5.2055e+00
8.5423e+05 9.8810e+05 2.6768e+03 -5.4592e+00
8.5430e+05 9.8810e+05 2.7108e+03 -5.8104e+00
8.5436e+05 9.8810e+05 2.7492e+03 -6.1537e+00
8.5443e+05 9.8810e+05 2.7784e+03 -6.6640e+00
8.5449e+05 9.8810e+05 2.7842e+03 -6.8100e+00
8.5456e+05 9.8810e+05 2.7531e+03 -6.5150e+00
8.5462e+05 9.8810e+05 2.7163e+03 -6.2216e+00
8.5469e+05 9.8810e+05 2.6963e+03 -5.9650e+00
8.5475e+05 9.8810e+05 2.7143e+03 -6.0383e+00
8.5482e+05 9.8810e+05 2.7325e+03 -6.1044e+00
8.5488e+05 9.8810e+05 2.7416e+03 -6.0041e+00
8.5495e+05 9.8810e+05 2.7355e+03 -5.8708e+00
8.5501e+05 9.8810e+05 2.6968e+03 -5.4270e+00
8.5508e+05 9.8810e+05 2.6508e+03 -4.9866e+00
8.5514e+05 9.8810e+05 2.6044e+03 -4.6295e+00
8.5521e+05 9.8810e+05 2.5645e+03 -4.5230e+00
8.5527e+05 9.8810e+05 2.5493e+03 -4.4100e+00
8.5534e+05 9.8810e+05 2.5470e+03 -4.0670e+00
8.5540e+05 9.8810e+05 2.5421e+03 -3.9138e+00
8.5547e+05 9.8810e+05 2.5206e+03 -3.5840e+00
8.5553e+05 9.8810e+05 2.5200e+03 -3.4378e+00
8.5365e+05 9.8817e+05 2.4080e+03 -4.1021e+00
8.5371e+05 9.8817e+05 2.3858e+03 -4.5805e+00
8.5378e+05 9.8817e+05 2.3935e+03 -4.8772e+00
8.5384e+05 9.8817e+05 2.4409e+03 -4.6528e+00
8.5391e+05 9.8817e+05 2.4668e+03 -4.6797e+00
8.5397e+05 9.8817e+05 2.4881e+03 -4.5807e+00
8.5404e+05 9.8817e+05 2.5475e+03 -4.6628e+00
8.5410e+05 9.8817e+05 2.5941e+03 -4.7528e+00
8.5417e+05 9.8817e+05 2.6458e+03 -5.0996e+00
8.5423e+05 9.8817e+05 2.6748e+03 -5.3812e+00
8.5430e+05 9.8817e+05 2.7050e+03 -5.6462e+00
8.5436e+05 9.8817e+05 2.7303e+03 -5.9643e+00
8.5443e+05 9.8817e+05 2.7607e+03 -6.3677e+00
8.5449e+05 9.8817e+05 2.7741e+03 -6.6150e+00
8.5456e+05 9.8817e+05 2.7495e+03 -6.2733e+00
8.5462e+05 9.8817e+05 2.7142e+03 -6.1925e+00
8.5469e+05 9.8817e+05 2.6983e+03 -6.0071e+00
8.5475e+05 9.8817e+05 2.7109e+03 -5.9928e+00
8.5482e+05 9.8817e+05 2.7304e+03 -6.0277e+00
8.5488e+05 9.8817e+05 2.7475e+03 -5.9352e+00
8.5495e+05 9.8817e+05 2.7517e+03 -5.9118e+00
8.5501e+05 9.8817e+05 2.7116e+03 -5.4876e+00
8.5508e+05 9.8817e+05 2.6648e+03 -4.9403e+00
8.5514e+05 9.8817e+05 2.6236e+03 -4.6693e+00
8.5521e+05 9.8817e+05 2.5831e+03 -4.5307e+00
8.5527e+05 9.8817e+05 2.5610e+03 -4.3082e+00
8.5534e+05 9.8817e+05 2.5502e+03 -3.9973e+00
8.5540e+05 9.8817e+05 2.5299e+03 -3.8630e+00
8.5547e+05 9.8817e+05 2.5207e+03 -3.6077e+00
8.5553e+05 9.8817e+05 2.5193e+03 -3.2885e+00
8.5365e+05 9.8823e+05 2.4113e+03 -3.7837e+00
8.5371e+05 9.8823e+05 2.4071e+03 -4.1757e+00
8.5378e+05 9.8823e+05 2.3957e+03 -4.7175e+00
8.5384e+05 9.8823e+05 2.4303e+03 -4.7217e+00
8.5391e+05 9.8823e+05 2.4717e+03 -4.5834e+00
8.5397e+05 9.8823e+05 2.5039e+03 -4.6855e+00
8.5404e+05 9.8823e+05 2.5387e+03 -4.6515e+00
8.5410e+05 9.8823e+05 2.5951e+03 -4.6244e+00
8.5417e+05 9.8823e+05 2.6308e+03 -4.9750e+00
8.5423e+05 9.8823e+05 2.6649e+03 -5.1551e+00
8.5430e+05 9.8823e+05 2.6879e+03 -5.5370e+00
8.5436e+05 9.8823e+05 2.7182e+03 -5.7416e+00
8.5443e+05 9.8823e+05 2.7414e+03 -6.0786e+00
8.5449e+05 9.8823e+05 2.7510e+03 -6.3444e+00
8.5456e+05 9.8823e+05 2.7388e+03 -6.0726e+00
8.5462e+05 9.8823e+05 2.7068e+03 -5.9843e+00
8.5469e+05 9.8823e+05 2.6944e+03 -5.8463e+00
8.5475e+05 9.8823e+05 2.7047e+03 -5.8757e+00
8.5482e+05 9.8823e+05 2.7244e+03 -5.8437e+00
8.5488e+05 9.8823e+05 2.7399e+03 -5.8665e+00
8.5495e+05 9.8823e+05 2.7447e+03 -5.8939e+00
8.5501e+05 9.8823e+05 2.7226e+03 -5.3803e+00
8.5508e+05 9.8823e+05 2.6806e+03 -5.0670e+00
8.5514e+05 9.8823e+05 2.6433e+03 -4.7888e+00
8.5521e+05 9.8823e+05 2.6060e+03 -4.4541e+00
8.5527e+05 9.8823e+05 2.5740e+03 -4.1419e+00
8.5534e+05 9.8823e+05 2.5430e+03 -4.1794e+00
8.5540e+05 9.8823e+05 2.5196e+03 -3.7537e+00
8.5547e+05 9.8823e+05 2.5184e+03 -3.5133e+00
8.5553e+05 9.8823e+05 2.5210e+03 -3.2803e+00
8.5365e+05 9.8830e+05 2.4089e+03 -3.8677e+00
8.5371e+05 9.8830e+05 2.4095e+03 -4.2522e+00
8.5378e+05 9.8830e+05 2.3927e+03 -4.6556e+00
8.5384e+05 9.8830e+05 2.4224e+03 -4.6671e+00
8.5391e+05 9.8830e+05 2.4607e+03 -4.4884e+00
8.5397e+05 9.8830e+05 2.5025e+03 -4.6186e+00
8.5404e+05 9.8830e+05 2.5410e+03 -4.4644e+00
8.5410e+05 9.8830e+05 2.5896e+03 -4.6884e+00
8.5417e+05 9.8830e+05 2.6081e+03 -4.8019e+00
8.5423e+05 9.8830e+05 2.6467e+03 -5.1422e+00
8.5430e+05 9.8830e+05 2.6614e+03 -5.0367e+00
8.5436e+05 9.8830e+05 2.6847e+03 -5.6002e+00
8.5443e+05 9.8830e+05 2.7106e+03 -5.5132e+00
8.5449e+05 9.8830e+05 2.7186e+03 -5.9161e+00
8.5456e+05 9.8830e+05 2.7137e+03 -5.8606e+00
8.5462e+05 9.8830e+05 2.6947e+03 -5.7086e+00
8.5469e+05 9.8830e+05 2.6785e+03 -5.5573e+00
8.5475e+05 9.8830e+05 2.6747e+03 -5.3796e+00
8.5482e+05 9.8830e+05 2.6969e+03 -5.6199e+00
8.5488e+05 9.8830e+05 2.7158e+03 -5.5521e+00
8.5495e+05 9.8830e+05 2.7168e+03 -5.4793e+00
8.5501e+05 9.8830e+05 2.7118e+03 -5.1543e+00
8.5508e+05 9.8830e+05 2.6907e+03 -4.9700e+00
8.5514e+05 9.8830e+05 2.6529e+03 -4.6204e+00
8.5521e+05 9.8830e+05 2.6120e+03 -4.2018e+00
8.5527e+05 9.8830e+05 2.5711e+03 -4.1563e+00
8.5534e+05 9.8830e+05 2.5318e+03 -4.0208e+00
8.5540e+05 9.8830e+05 2.5153e+03 -3.7379e+00
8.5547e+05 9.8830e+05 2.5171e+03 -3.5141e+00
8.5553e+05 9.8830e+05 2.5228e+03 -3.2208e+00
8.5365e+05 9.8837e+05 2.4173e+03 -3.6297e+00
8.5371e+05 9.8837e+05 2.4170e+03 -4.1022e+00
8.5378e+05 9.8837e+05 2.4048e+03 -4.5114e+00
8.5384e+05 9.8837e+05 2.4197e+03 -4.4985e+00
8.5391e+05 9.8837e+05 2.4442e+03 -4.6409e+00
8.5397e+05 9.8837e+05 2.4951e+03 -4.5409e+00
8.5404e+05 9.8837e+05 2.5261e+03 -4.3959e+00
8.5410e+05 9.8837e+05 2.5573e+03 -4.4573e+00
8.5417e+05 9.8837e+05 2.5844e+03 -4.6094e+00
8.5423e+05 9.8837e+05 2.6102e+03 -4.7375e+00
8.5430e+05 9.8837e+05 2.6405e+03 -4.9129e+00
8.5436e+05 9.8837e+05 2.6644e+03 -5.1934e+00
8.5443e+05 9.8837e+05 2.6772e+03 -5.4025e+00
8.5449e+05 9.8837e+05 2.6865e+03 -5.4996e+00
8.5456e+05 9.8837e+05 2.6825e+03 -5.4412e+00
8.5462e+05 9.8837e+05 2.6720e+03 -5.3359e+00
8.5469e+05 9.8837e+05 2.6596e+03 -5.1358e+00
8.5475e+05 9.8837e+05 2.6501e+03 -5.2676e+00
8.5482e+05 9.8837e+05 2.6626e+03 -5.0992e+00
8.5488e+05 9.8837e+05 2.6794e+03 -5.2244e+00
8.5495e+05 9.8837e+05 2.6881e+03 -5.0227e+00
8.5501e+05 9.8837e+05 2.6817e+03 -4.9664e+00
8.5508e+05 9.8837e+05 2.6602e+03 -4.6489e+00
8.5514e+05 9.8837e+05 2.6288e+03 -4.2560e+00
8.5521e+05 9.8837e+05 2.5941e+03 -4.1410e+00
8.5527e+05 9.8837e+05 2.5521e+03 -3.9636e+00
8.5534e+05 9.8837e+05 2.5208e+03 -3.9540e+00
8.5540e+05 9.8837e+05 2.5131e+03 -3.7187e+00
8.5547e+05 9.8837e+05 2.5172e+03 -3.3863e+00
8.5553e+05 9.8837e+05 2.5248e+03 -3.0951e+00
8.5365e+05 9.8843e+05 2.4018e+03 -3.7079e+00
8.5371e+05 9.8843e+05 2.4183e+03 -3.9666e+00
8.5378e+05 9.8843e+05 2.4103e+03 -4.2232e+00
8.5384e+05 9.8843e+05 2.4093e+03 -4.3789e+00
8.5391e+05 9.8843e+05 2.4317e+03 -4.4047e+00
8.5397e+05 9.8843e+05 2.4714e+03 -4.2844e+00
8.5404e+05 9.8843e+05 2.5058e+03 -4.2522e+00
8.5410e+05 9.8843e+05 2.5380e+03 -4.4590e+00
8.5417e+05 9.8843e+05 2.5610e+03 -4.3389e+00
8.5423e+05 9.8843e+05 2.5971e+03 -4.6038e+00
8.5430e+05 9.8843e+05 2.6210e+03 -4.6217e+00
8.5436e+05 9.8843e+05 2.6419e+03 -4.6931e+00
8.5443e+05 9.8843e+05 2.6618e+03 -4.9265e+00
8.5449e+05 9.8843e+05 2.6570e+03 -4.9985e+00
8.5456e+05 9.8843e+05 2.6467e+03 -4.8947e+00
8.5462e+05 9.8843e+05 2.6449e+03 -4.9272e+00
8.5469e+05 9.8843e+05 2.6392e+03 -4.9013e+00
8.5475e+05 9.8843e+05 2.6196e+03 -4.7574e+00
8.5482e+05 9.8843e+05 2.6197e+03 -4.6995e+00
8.5488e+05 9.8843e+05 2.6316e+03 -4.7483e+00
8.5495e+05 9.8843e+05 2.6383e+03 -4.7345e+00
8.5501e+05 9.8843e+05 2.6319e+03 -4.5224e+00
8.5508e+05 9.8843e+05 2.6195e+03 -4.2696e+00
8.5514e+05 9.8843e+05 2.5892e+03 -4.1652e+00
8.5521e+05 9.8843e+05 2.5576e+03 -4.0451e+00
8.5527e+05 9.8843e+05 2.5260e+03 -3.8263e+00
8.5534e+05 9.8843e+05 2.5167e+03 -3.7945e+00
8.5540e+05 9.8843e+05 2.5150e+03 -3.5693e+00
8.5547e+05 9.8843e+05 2.5197e+03 -3.3251e+00
8.5553e+05 9.8843e+05 2.5399e+03 -3.0593e+00
8.5365e+05 9.8850e+05 2.3987e+03 -3.3857e+00
8.5371e+05 9.8850e+05 2.4188e+03 -3.6706e+00
8.5378e+05 9.8850e+05 2.4189e+03 -3.7536e+00
8.5384e+05 9.8850e+05 2.4080e+03 -4.1569e+00
8.5391e+05 9.8850e+05 2.4288e+03 -4.1342e+00
8.5397e+05 9.8850e+05 2.4590e+03 -4.1796e+00
8.5404e+05 9.8850e+05 2.4856e+03 -4.1646e+00
8.5410e+05 9.8850e+05 2.5176e+03 -4.1003e+00
8.5417e+05 9.8850e+05 2.5399e+03 -4.1189e+00
8.5423e+05 9.8850e+05 2.5709e+03 -4.2051e+00
8.5430e+05 9.8850e+05 2.5978e+03 -4.3254e+00
8.5436e+05 9.8850e+05 2.6164e+03 -4.4992e+00
8.5443e+05 9.8850e+05 2.6225e+03 -4.5331e+00
8.5449e+05 9.8850e+05 2.6314e+03 -4.5444e+00
8.5456e+05 9.8850e+05 2.6278e+03 -4.6087e+00
8.5462e+05 9.8850e+05 2.6233e+03 -4.6513e+00
8.5469e+05 9.8850e+05 2.6118e+03 -4.5312e+00
8.5475e+05 9.8850e+05 2.5935e+03 -4.3213e+00
8.5482e+05 9.8850e+05 2.5851e+03 -4.3174e+00
8.5488e+05 9.8850e+05 2.5748e+03 -4.3705e+00
8.5495e+05 9.8850e+05 2.5798e+03 -4.1568e+00
8.5501e+05 9.8850e+05 2.5778e+03 -4.1439e+00
8.5508e+05 9.8850e+05 2.5647e+03 -4.0823e+00
8.5514e+05 9.8850e+05 2.5567e+03 -3.9488e+00
8.5521e+05 9.8850e+05 2.5297e+03 -3.8220e+00
8.5527e+05 9.8850e+05 2.5172e+03 -3.6452e+00
8.5534e+05 9.8850e+05 2.5150e+03 -3.6323e+00
8.5540e+05 9.8850e+05 2.5177e+03 -3.5182e+00
8.5547e+05 9.8850e+05 2.5261e+03 -3.1601e+00
8.5553e+05 9.8850e+05 2.5515e+03 -2.8540e+00
8.5365e+05 9.8856e+05 2.3889e+03 -3.1591e+00
8.5371e+05 9.8856e+05 2.4091e+03 -3.4709e+00
8.5378e+05 9.8856e+05 2.4193e+03 -3.5713e+00
8.5384e+05 9.8856e+05 2.4088e+03 -3.6133e+00
8.5391e+05 9.8856e+05 2.4217e+03 -3.8472e+00
8.5397e+05 9.8856e+05 2.4443e+03 -3.9555e+00
8.5404e+05 9.8856e+05 2.4712e+03 -3.8884e+00
8.5410e+05 9.8856e+05 2.4912e+03 -4.0084e+00
8.5417e+05 9.8856e+05 2.5160e+03 -3.9514e+00
8.5423e+05 9.8856e+05 2.5419e+03 -3.9409e+00
8.5430e+05 9.8856e+05 2.5605e+03 -4.1215e+00
8.5436e+05 9.8856e+05 2.5787e+03 -3.9792e+00
8.5443e+05 9.8856e+05 2.5898e+03 -4.1141e+00
8.5449e+05 9.8856e+05 2.5974e+03 -4.3051e+00
8.5456e+05 9.8856e+05 2.6093e+03 -4.3175e+00
8.5462e+05 9.8856e+05 2.6052e+03 -4.3098e+00
8.5469e+05 9.8856e+05 2.5805e+03 -4.0296e+00
8.5475e+05 9.8856e+05 2.5701e+03 -4.0424e+00
8.5482e+05 9.8856e+05 2.5559e+03 -4.1390e+00
8.5488e+05 9.8856e+05 2.5410e+03 -4.0447e+00
8.5495e+05 9.8856e+05 2.5396e+03 -3.9592e+00
8.5501e+05 9.8856e+05 2.5396e+03 -3.8443e+00
8.5508e+05 9.8856e+05 2.5434e+03 -3.6758e+00
8.5514e+05 9.8856e+05 2.5358e+03 -3.6677e+00
8.5521e+05 9.8856e+05 2.5150e+03 -3.4948e+00
8.5527e+05 9.8856e+05 2.5145e+03 -3.4565e+00
8.5534e+05 9.8856e+05 2.5185e+03 -3.3125e+00
8.5540e+05 9.8856e+05 2.5247e+03 -3.2102e+00
8.5547e+05 9.8856e+05 2.5354e+03 -2.9174e+00
8.5553e+05 9.8856e+05 2.5633e+03 -2.8148e+00
