8.5365e+05 9.8757e+05 2.2489e+03
8.5371e+05 9.8757e+05 2.2982e+03
8.5378e+05 9.8757e+05 2.3311e+03
8.5384e+05 9.8757e+05 2.3696e+03
8.5391e+05 9.8757e+05 2.4124e+03
8.5397e+05 9.8757e+05 2.4608e+03
8.5404e+05 9.8757e+05 2.4952e+03
8.5410e+05 9.8757e+05 2.5256e+03
8.5417e+05 9.8757e+05 2.5840e+03
8.5423e+05 9.8757e+05 2.6309e+03
8.5430e+05 9.8757e+05 2.6765e+03
8.5436e+05 9.8757e+05 2.7026e+03
8.5443e+05 9.8757e+05 2.6946e+03
8.5449e+05 9.8757e+05 2.6758e+03
8.5456e+05 9.8757e+05 2.6533e+03
8.5462e+05 9.8757e+05 2.6283e+03
8.5469e+05 9.8757e+05 2.6065e+03
8.5475e+05 9.8757e+05 2.5869e+03
8.5482e+05 9.8757e+05 2.5842e+03
8.5488e+05 9.8757e+05 2.5903e+03
8.5495e+05 9.8757e+05 2.5718e+03
8.5501e+05 9.8757e+05 2.5303e+03
8.5508e+05 9.8757e+05 2.4915e+03
8.5514e+05 9.8757e+05 2.4562e+03
8.5521e+05 9.8757e+05 2.4510e+03
8.5527e+05 9.8757e+05 2.4533e+03
8.5534e+05 9.8757e+05 2.4578e+03
8.5540e+05 9.8757e+05 2.4720e+03
8.5547e+05 9.8757e+05 2.4909e+03
8.5553e+05 9.8757e+05 2.5327e+03
8.5365e+05 9.8764e+05 2.2487e+03
8.5371e+05 9.8764e+05 2.2996e+03
8.5378e+05 9.8764e+05 2.3412e+03
8.5384e+05 9.8764e+05 2.3818e+03
8.5391e+05 9.8764e+05 2.4142e+03
8.5397e+05 9.8764e+05 2.4689e+03
8.5404e+05 9.8764e+05 2.5050e+03
8.5410e+05 9.8764e+05 2.5467e+03
8.5417e+05 9.8764e+05 2.5922e+03
8.5423e+05 9.8764e+05 2.6381e+03
8.5430e+05 9.8764e+05 2.7025e+03
8.5436e+05 9.8764e+05 2.7370e+03
8.5443e+05 9.8764e+05 2.7324e+03
8.5449e+05 9.8764e+05 2.7086e+03
8.5456e+05 9.8764e+05 2.6745e+03
8.5462e+05 9.8764e+05 2.6485e+03
8.5469e+05 9.8764e+05 2.6207e+03
8.5475e+05 9.8764e+05 2.5969e+03
8.5482e+05 9.8764e+05 2.5910e+03
8.5488e+05 9.8764e+05 2.5920e+03
8.5495e+05 9.8764e+05 2.5766e+03
8.5501e+05 9.8764e+05 2.5364e+03
8.5508e+05 9.8764e+05 2.4968e+03
8.5514e+05 9.8764e+05 2.4655e+03
8.5521e+05 9.8764e+05 2.4716e+03
8.5527e+05 9.8764e+05 2.4875e+03
8.5534e+05 9.8764e+05 2.4862e+03
8.5540e+05 9.8764e+05 2.4810e+03
8.5547e+05 9.8764e+05 2.4884e+03
8.5553e+05 9.8764e+05 2.5054e+03
8.5365e+05 9.8771e+05 2.2697e+03
8.5371e+05 9.8771e+05 2.3011e+03
8.5378e+05 9.8771e+05 2.3432e+03
8.5384e+05 9.8771e+05 2.3816e+03
8.5391e+05 9.8771e+05 2.4314e+03
8.5397e+05 9.8771e+05 2.4803e+03
8.5404e+05 9.8771e+05 2.5158e+03
8.5410e+05 9.8771e+05 2.5451e+03
8.5417e+05 9.8771e+05 2.6066e+03
8.5423e+05 9.8771e+05 2.6721e+03
8.5430e+05 9.8771e+05 2.7265e+03
8.5436e+05 9.8771e+05 2.7469e+03
8.5443e+05 9.8771e+05 2.7446e+03
8.5449e+05 9.8771e+05 2.7213e+03
8.5456e+05 9.8771e+05 2.6917e+03
8.5462e+05 9.8771e+05 2.6555e+03
8.5469e+05 9.8771e+05 2.6254e+03
8.5475e+05 9.8771e+05 2.6108e+03
8.5482e+05 9.8771e+05 2.5976e+03
8.5488e+05 9.8771e+05 2.5926e+03
8.5495e+05 9.8771e+05 2.5747e+03
8.5501e+05 9.8771e+05 2.5396e+03
8.5508e+05 9.8771e+05 2.5006e+03
8.5514e+05 9.8771e+05 2.4735e+03
8.5521e+05 9.8771e+05 2.4764e+03
8.5527e+05 9.8771e+05 2.5063e+03
8.5534e+05 9.8771e+05 2.5110e+03
8.5540e+05 9.8771e+05 2.5024e+03
8.5547e+05 9.8771e+05 2.5050e+03
8.5553e+05 9.8771e+05 2.5169e+03
8.5365e+05 9.8777e+05 2.3009e+03
8.5371e+05 9.8777e+05 2.3253e+03
8.5378e+05 9.8777e+05 2.3570e+03
8.5384e+05 9.8777e+05 2.3761e+03
8.5391e+05 9.8777e+05 2.4225e+03
8.5397e+05 9.8777e+05 2.4892e+03
8.5404e+05 9.8777e+05 2.5223e+03
8.5410e+05 9.8777e+05 2.5540e+03
8.5417e+05 9.8777e+05 2.6301e+03
8.5423e+05 9.8777e+05 2.6783e+03
8.5430e+05 9.8777e+05 2.7174e+03
8.5436e+05 9.8777e+05 2.7490e+03
8.5443e+05 9.8777e+05 2.7564e+03
8.5449e+05 9.8777e+05 2.7345e+03
8.5456e+05 9.8777e+05 2.6996e+03
8.5462e+05 9.8777e+05 2.6646e+03
8.5469e+05 9.8777e+05 2.6377e+03
8.5475e+05 9.8777e+05 2.6364e+03
8.5482e+05 9.8777e+05 2.6288e+03
8.5488e+05 9.8777e+05 2.6132e+03
8.5495e+05 9.8777e+05 2.5989e+03
8.5501e+05 9.8777e+05 2.5579e+03
8.5508e+05 9.8777e+05 2.5235e+03
8.5514e+05 9.8777e+05 2.4927e+03
8.5521e+05 9.8777e+05 2.4789e+03
8.5527e+05 9.8777e+05 2.4945e+03
8.5534e+05 9.8777e+05 2.5159e+03
8.5540e+05 9.8777e+05 2.5215e+03
8.5547e+05 9.8777e+05 2.5213e+03
8.5553e+05 9.8777e+05 2.5290e+03
8.5365e+05 9.8784e+05 2.3081e+03
8.5371e+05 9.8784e+05 2.3283e+03
8.5378e+05 9.8784e+05 2.3701e+03
8.5384e+05 9.8784e+05 2.3955e+03
8.5391e+05 9.8784e+05 2.4274e+03
8.5397e+05 9.8784e+05 2.4792e+03
8.5404e+05 9.8784e+05 2.5138e+03
8.5410e+05 9.8784e+05 2.5731e+03
8.5417e+05 9.8784e+05 2.6297e+03
8.5423e+05 9.8784e+05 2.6859e+03
8.5430e+05 9.8784e+05 2.7216e+03
8.5436e+05 9.8784e+05 2.7510e+03
8.5443e+05 9.8784e+05 2.7674e+03
8.5449e+05 9.8784e+05 2.7439e+03
8.5456e+05 9.8784e+05 2.7109e+03
8.5462e+05 9.8784e+05 2.6778e+03
8.5469e+05 9.8784e+05 2.6572e+03
8.5475e+05 9.8784e+05 2.6629e+03
8.5482e+05 9.8784e+05 2.6572e+03
8.5488e+05 9.8784e+05 2.6492e+03
8.5495e+05 9.8784e+05 2.6271e+03
8.5501e+05 9.8784e+05 2.5851e+03
8.5508e+05 9.8784e+05 2.5454e+03
8.5514e+05 9.8784e+05 2.5108e+03
8.5521e+05 9.8784e+05 2.4902e+03
8.5527e+05 9.8784e+05 2.4903e+03
8.5534e+05 9.8784e+05 2.5053e+03
8.5540e+05 9.8784e+05 2.5259e+03
8.5547e+05 9.8784e+05 2.5288e+03
8.5553e+05 9.8784e+05 2.5262e+03
8.5365e+05 9.8790e+05 2.3311e+03
8.5371e+05 9.8790e+05 2.3714e+03
8.5378e+05 9.8790e+05 2.3834e+03
8.5384e+05 9.8790e+05 2.4221e+03
8.5391e+05 9.8790e+05 2.4365e+03
8.5397e+05 9.8790e+05 2.4909e+03
8.5404e+05 9.8790e+05 2.5012e+03
8.5410e+05 9.8790e+05 2.5858e+03
8.5417e+05 9.8790e+05 2.6502e+03
8.5423e+05 9.8790e+05 2.6815e+03
8.5430e+05 9.8790e+05 2.7195e+03
8.5436e+05 9.8790e+05 2.7607e+03
8.5443e+05 9.8790e+05 2.7770e+03
8.5449e+05 9.8790e+05 2.7559e+03
8.5456e+05 9.8790e+05 2.7217e+03
8.5462e+05 9.8790e+05 2.6940e+03
8.5469e+05 9.8790e+05 2.6773e+03
8.5475e+05 9.8790e+05 2.6871e+03
8.5482e+05 9.8790e+05 2.6910e+03
8.5488e+05 9.8790e+05 2.6787e+03
8.5495e+05 9.8790e+05 2.6521e+03
8.5501e+05 9.8790e+05 2.6052e+03
8.5508e+05 9.8790e+05 2.5654e+03
8.5514e+05 9.8790e+05 2.5373e+03
8.5521e+05 9.8790e+05 2.5077e+03
8.5527e+05 9.8790e+05 2.4971e+03
8.5534e+05 9.8790e+05 2.5028e+03
8.5540e+05 9.8790e+05 2.5197e+03
8.5547e+05 9.8790e+05 2.5267e+03
8.5553e+05 9.8790e+05 2.5183e+03
8.5365e+05 9.8797e+05 2.3543e+03
8.5371e+05 9.8797e+05 2.3457e+03
8.5378e+05 9.8797e+05 2.3895e+03
8.5384e+05 9.8797e+05 2.4133e+03
8.5391e+05 9.8797e+05 2.4493e+03
8.5397e+05 9.8797e+05 2.4791e+03
8.5404e+05 9.8797e+05 2.5148e+03
8.5410e+05 9.8797e+05 2.6020e+03
8.5417e+05 9.8797e+05 2.6496e+03
8.5423e+05 9.8797e+05 2.6881e+03
8.5430e+05 9.8797e+05 2.7269e+03
8.5436e+05 9.8797e+05 2.7687e+03
8.5443e+05 9.8797e+05 2.7793e+03
8.5449e+05 9.8797e+05 2.7708e+03
8.5456e+05 9.8797e+05 2.7380e+03
8.5462e+05 9.8797e+05 2.7081e+03
8.5469e+05 9.8797e+05 2.6829e+03
8.5475e+05 9.8797e+05 2.6883e+03
8.5482e+05 9.8797e+05 2.7077e+03
8.5488e+05 9.8797e+05 2.7031e+03
8.5495e+05 9.8797e+05 2.6775e+03
8.5501e+05 9.8797e+05 2.6342e+03
8.5508e+05 9.8797e+05 2.5928e+03
8.5514e+05 9.8797e+05 2.5561e+03
8.5521e+05 9.8797e+05 2.5209e+03
8.5527e+05 9.8797e+05 2.5069e+03
8.5534e+05 9.8797e+05 2.5099e+03
8.5540e+05 9.8797e+05 2.5144e+03
8.5547e+05 9.8797e+05 2.5211e+03
8.5553e+05 9.8797e+05 2.5184e+03
8.5365e+05 9.8804e+05 2.3748e+03
8.5371e+05 9.8804e+05 2.3685e+03
8.5378e+05 9.8804e+05 2.3923e+03
8.5384e+05 9.8804e+05 2.4196e+03
8.5391e+05 9.8804e+05 2.4456e+03
8.5397e+05 9.8804e+05 2.4767e+03
8.5404e+05 9.8804e+05 2.5237e+03
8.5410e+05 9.8804e+05 2.6036e+03
8.5417e+05 9.8804e+05 2.6426e+03
8.5423e+05 9.8804e+05 2.6894e+03
8.5430e+05 9.8804e+05 2.7307e+03
8.5436e+05 9.8804e+05 2.7566e+03
8.5443e+05 9.8804e+05 2.7779e+03
8.5449e+05 9.8804e+05 2.7811e+03
8.5456e+05 9.8804e+05 2.7490e+03
8.5462e+05 9.8804e+05 2.7081e+03
8.5469e+05 9.8804e+05 2.6912e+03
8.5475e+05 9.8804e+05 2.6990e+03
8.5482e+05 9.8804e+05 2.7203e+03
8.5488e+05 9.8804e+05 2.7223e+03
8.5495e+05 9.8804e+05 2.7071e+03
8.5501e+05 9.8804e+05 2.6624e+03
8.5508e+05 9.8804e+05 2.6211e+03
8.5514e+05 9.8804e+05 2.5816e+03
8.5521e+05 9.8804e+05 2.5414e+03
8.5527e+05 9.8804e+05 2.5248e+03
8.5534e+05 9.8804e+05 2.5257e+03
8.5540e+05 9.8804e+05 2.5267e+03
8.5547e+05 9.8804e+05 2.5217e+03
8.5553e+05 9.8804e+05 2.5172e+03
8.5365e+05 9.8810e+05 2.4004e+03
8.5371e+05 9.8810e+05 2.3730e+03
8.5378e+05 9.8810e+05 2.3925e+03
8.5384e+05 9.8810e+05 2.4292e+03
8.5391e+05 9.8810e+05 2.4549e+03
8.5397e+05 9.8810e+05 2.4816e+03
8.5404e+05 9.8810e+05 2.5272e+03
8.5410e+05 9.8810e+05 2.5965e+03
8.5417e+05 9.8810e+05 2.6375e+03
8.5423e+05 9.8810e+05 2.6718e+03
8.5430e+05 9.8810e+05 2.7058e+03
8.5436e+05 9.8810e+05 2.7442e+03
8.5443e+05 9.8810e+05 2.7734e+03
8.5449e+05 9.8810e+05 2.7792e+03
8.5456e+05 9.8810e+05 2.7481e+03
8.5462e+05 9.8810e+05 2.7113e+03
8.5469e+05 9.8810e+05 2.6913e+03
8.5475e+05 9.8810e+05 2.7093e+03
8.5482e+05 9.8810e+05 2.7275e+03
8.5488e+05 9.8810e+05 2.7366e+03
8.5495e+05 9.8810e+05 2.7305e+03
8.5501e+05 9.8810e+05 2.6918e+03
8.5508e+05 9.8810e+05 2.6458e+03
8.5514e+05 9.8810e+05 2.5994e+03
8.5521e+05 9.8810e+05 2.5595e+03
8.5527e+05 9.8810e+05 2.5443e+03
8.5534e+05 9.8810e+05 2.5420e+03
8.5540e+05 9.8810e+05 2.5371e+03
8.5547e+05 9.8810e+05 2.5156e+03
8.5553e+05 9.8810e+05 2.5150e+03
8.5365e+05 9.8817e+05 2.4030e+03
8.5371e+05 9.8817e+05 2.3808e+03
8.5378e+05 9.8817e+05 2.3885e+03
8.5384e+05 9.8817e+05 2.4359e+03
8.5391e+05 9.8817e+05 2.4618e+03
8.5397e+05 9.8817e+05 2.4831e+03
8.5404e+05 9.8817e+05 2.5425e+03
8.5410e+05 9.8817e+05 2.5891e+03
8.5417e+05 9.8817e+05 2.6408e+03
8.5423e+05 9.8817e+05 2.6698e+03
8.5430e+05 9.8817e+05 2.7000e+03
8.5436e+05 9.8817e+05 2.7253e+03
8.5443e+05 9.8817e+05 2.7557e+03
8.5449e+05 9.8817e+05 2.7691e+03
8.5456e+05 9.8817e+05 2.7445e+03
8.5462e+05 9.8817e+05 2.7092e+03
8.5469e+05 9.8817e+05 2.6933e+03
8.5475e+05 9.8817e+05 2.7059e+03
8.5482e+05 9.8817e+05 2.7254e+03
8.5488e+05 9.8817e+05 2.7425e+03
8.5495e+05 9.8817e+05 2.7467e+03
8.5501e+05 9.8817e+05 2.7066e+03
8.5508e+05 9.8817e+05 2.6598e+03
8.5514e+05 9.8817e+05 2.6186e+03
8.5521e+05 9.8817e+05 2.5781e+03
8.5527e+05 9.8817e+05 2.5560e+03
8.5534e+05 9.8817e+05 2.5452e+03
8.5540e+05 9.8817e+05 2.5249e+03
8.5547e+05 9.8817e+05 2.5157e+03
8.5553e+05 9.8817e+05 2.5143e+03
8.5365e+05 9.8823e+05 2.4063e+03
8.5371e+05 9.8823e+05 2.4021e+03
8.5378e+05 9.8823e+05 2.3907e+03
8.5384e+05 9.8823e+05 2.4253e+03
8.5391e+05 9.8823e+05 2.4667e+03
8.5397e+05 9.8823e+05 2.4989e+03
8.5404e+05 9.8823e+05 2.5337e+03
8.5410e+05 9.8823e+05 2.5901e+03
8.5417e+05 9.8823e+05 2.6258e+03
8.5423e+05 9.8823e+05 2.6599e+03
8.5430e+05 9.8823e+05 2.6829e+03
8.5436e+05 9.8823e+05 2.7132e+03
8.5443e+05 9.8823e+05 2.7364e+03
8.5449e+05 9.8823e+05 2.7460e+03
8.5456e+05 9.8823e+05 2.7338e+03
8.5462e+05 9.8823e+05 2.7018e+03
8.5469e+05 9.8823e+05 2.6894e+03
8.5475e+05 9.8823e+05 2.6997e+03
8.5482e+05 9.8823e+05 2.7194e+03
8.5488e+05 9.8823e+05 2.7349e+03
8.5495e+05 9.8823e+05 2.7397e+03
8.5501e+05 9.8823e+05 2.7176e+03
8.5508e+05 9.8823e+05 2.6756e+03
8.5514e+05 9.8823e+05 2.6383e+03
8.5521e+05 9.8823e+05 2.6010e+03
8.5527e+05 9.8823e+05 2.5690e+03
8.5534e+05 9.8823e+05 2.5380e+03
8.5540e+05 9.8823e+05 2.5146e+03
8.5547e+05 9.8823e+05 2.5134e+03
8.5553e+05 9.8823e+05 2.5160e+03
8.5365e+05 9.8830e+05 2.4039e+03
8.5371e+05 9.8830e+05 2.4045e+03
8.5378e+05 9.8830e+05 2.3877e+03
8.5384e+05 9.8830e+05 2.4174e+03
8.5391e+05 9.8830e+05 2.4557e+03
8.5397e+05 9.8830e+05 2.4975e+03
8.5404e+05 9.8830e+05 2.5360e+03
8.5410e+05 9.8830e+05 2.5846e+03
8.5417e+05 9.8830e+05 2.6031e+03
8.5423e+05 9.8830e+05 2.6417e+03
8.5430e+05 9.8830e+05 2.6564e+03
8.5436e+05 9.8830e+05 2.6797e+03
8.5443e+05 9.8830e+05 2.7056e+03
8.5449e+05 9.8830e+05 2.7136e+03
8.5456e+05 9.8830e+05 2.7087e+03
8.5462e+05 9.8830e+05 2.6897e+03
8.5469e+05 9.8830e+05 2.6735e+03
8.5475e+05 9.8830e+05 2.6697e+03
8.5482e+05 9.8830e+05 2.6919e+03
8.5488e+05 9.8830e+05 2.7108e+03
8.5495e+05 9.8830e+05 2.7118e+03
8.5501e+05 9.8830e+05 2.7068e+03
8.5508e+05 9.8830e+05 2.6857e+03
8.5514e+05 9.8830e+05 2.6479e+03
8.5521e+05 9.8830e+05 2.6070e+03
8.5527e+05 9.8830e+05 2.5661e+03
8.5534e+05 9.8830e+05 2.5268e+03
8.5540e+05 9.8830e+05 2.5103e+03
8.5547e+05 9.8830e+05 2.5121e+03
8.5553e+05 9.8830e+05 2.5178e+03
8.5365e+05 9.8837e+05 2.4123e+03
8.5371e+05 9.8837e+05 2.4120e+03
8.5378e+05 9.8837e+05 2.3998e+03
8.5384e+05 9.8837e+05 2.4147e+03
8.5391e+05 9.8837e+05 2.4392e+03
8.5397e+05 9.8837e+05 2.4901e+03
8.5404e+05 9.8837e+05 2.5211e+03
8.5410e+05 9.8837e+05 2.5523e+03
8.5417e+05 9.8837e+05 2.5794e+03
8.5423e+05 9.8837e+05 2.6052e+03
8.5430e+05 9.8837e+05 2.6355e+03
8.5436e+05 9.8837e+05 2.6594e+03
8.5443e+05 9.8837e+05 2.6722e+03
8.5449e+05 9.8837e+05 2.6815e+03
8.5456e+05 9.8837e+05 2.6775e+03
8.5462e+05 9.8837e+05 2.6670e+03
8.5469e+05 9.8837e+05 2.6546e+03
8.5475e+05 9.8837e+05 2.6451e+03
8.5482e+05 9.8837e+05 2.6576e+03
8.5488e+05 9.8837e+05 2.6744e+03
8.5495e+05 9.8837e+05 2.6831e+03
8.5501e+05 9.8837e+05 2.6767e+03
8.5508e+05 9.8837e+05 2.6552e+03
8.5514e+05 9.8837e+05 2.6238e+03
8.5521e+05 9.8837e+05 2.5891e+03
8.5527e+05 9.8837e+05 2.5471e+03
8.5534e+05 9.8837e+05 2.5158e+03
8.5540e+05 9.8837e+05 2.5081e+03
8.5547e+05 9.8837e+05 2.5122e+03
8.5553e+05 9.8837e+05 2.5198e+03
8.5365e+05 9.8843e+05 2.3968e+03
8.5371e+05 9.8843e+05 2.4133e+03
8.5378e+05 9.8843e+05 2.4053e+03
8.5384e+05 9.8843e+05 2.4043e+03
8.5391e+05 9.8843e+05 2.4267e+03
8.5397e+05 9.8843e+05 2.4664e+03
8.5404e+05 9.8843e+05 2.5008e+03
8.5410e+05 9.8843e+05 2.5330e+03
8.5417e+05 9.8843e+05 2.5560e+03
8.5423e+05 9.8843e+05 2.5921e+03
8.5430e+05 9.8843e+05 2.6160e+03
8.5436e+05 9.8843e+05 2.6369e+03
8.5443e+05 9.8843e+05 2.6568e+03
8.5449e+05 9.8843e+05 2.6520e+03
8.5456e+05 9.8843e+05 2.6417e+03
8.5462e+05 9.8843e+05 2.6399e+03
8.5469e+05 9.8843e+05 2.6342e+03
8.5475e+05 9.8843e+05 2.6146e+03
8.5482e+05 9.8843e+05 2.6147e+03
8.5488e+05 9.8843e+05 2.6266e+03
8.5495e+05 9.8843e+05 2.6333e+03
8.5501e+05 9.8843e+05 2.6269e+03
8.5508e+05 9.8843e+05 2.6145e+03
8.5514e+05 9.8843e+05 2.5842e+03
8.5521e+05 9.8843e+05 2.5526e+03
8.5527e+05 9.8843e+05 2.5210e+03
8.5534e+05 9.8843e+05 2.5117e+03
8.5540e+05 9.8843e+05 2.5100e+03
8.5547e+05 9.8843e+05 2.5147e+03
8.5553e+05 9.8843e+05 2.5349e+03
8.5365e+05 9.8850e+05 2.3937e+03
8.5371e+05 9.8850e+05 2.4138e+03
8.5378e+05 9.8850e+05 2.4139e+03
8.5384e+05 9.8850e+05 2.4030e+03
8.5391e+05 9.8850e+05 2.4238e+03
8.5397e+05 9.8850e+05 2.4540e+03
8.5404e+05 9.8850e+05 2.4806e+03
8.5410e+05 9.8850e+05 2.5126e+03
8.5417e+05 9.8850e+05 2.5349e+03
8.5423e+05 9.8850e+05 2.5659e+03
8.5430e+05 9.8850e+05 2.5928e+03
8.5436e+05 9.8850e+05 2.6114e+03
8.5443e+05 9.8850e+05 2.6175e+03
8.5449e+05 9.8850e+05 2.6264e+03
8.5456e+05 9.8850e+05 2.6228e+03
8.5462e+05 9.8850e+05 2.6183e+03
8.5469e+05 9.8850e+05 2.6068e+03
8.5475e+05 9.8850e+05 2.5885e+03
8.5482e+05 9.8850e+05 2.5801e+03
8.5488e+05 9.8850e+05 2.5698e+03
8.5495e+05 9.8850e+05 2.5748e+03
8.5501e+05 9.8850e+05 2.5728e+03
8.5508e+05 9.8850e+05 2.5597e+03
8.5514e+05 9.8850e+05 2.5517e+03
8.5521e+05 9.8850e+05 2.5247e+03
8.5527e+05 9.8850e+05 2.5122e+03
8.5534e+05 9.8850e+05 2.5100e+03
8.5540e+05 9.8850e+05 2.5127e+03
8.5547e+05 9.8850e+05 2.5211e+03
8.5553e+05 9.8850e+05 2.5465e+03
8.5365e+05 9.8856e+05 2.3839e+03
8.5371e+05 9.8856e+05 2.4041e+03
8.5378e+05 9.8856e+05 2.4143e+03
8.5384e+05 9.8856e+05 2.4038e+03
8.5391e+05 9.8856e+05 2.4167e+03
8.5397e+05 9.8856e+05 2.4393e+03
8.5404e+05 9.8856e+05 2.4662e+03
8.5410e+05 9.8856e+05 2.4862e+03
8.5417e+05 9.8856e+05 2.5110e+03
8.5423e+05 9.8856e+05 2.5369e+03
8.5430e+05 9.8856e+05 2.5555e+03
8.5436e+05 9.8856e+05 2.5737e+03
8.5443e+05 9.8856e+05 2.5848e+03
8.5449e+05 9.8856e+05 2.5924e+03
8.5456e+05 9.8856e+05 2.6043e+03
8.5462e+05 9.8856e+05 2.6002e+03
8.5469e+05 9.8856e+05 2.5755e+03
8.5475e+05 9.8856e+05 2.5651e+03
8.5482e+05 9.8856e+05 2.5509e+03
8.5488e+05 9.8856e+05 2.5360e+03
8.5495e+05 9.8856e+05 2.5346e+03
8.5501e+05 9.8856e+05 2.5346e+03
8.5508e+05 9.8856e+05 2.5384e+03
8.5514e+05 9.8856e+05 2.5308e+03
8.5521e+05 9.8856e+05 2.5100e+03
8.5527e+05 9.8856e+05 2.5095e+03
8.5534e+05 9.8856e+05 2.5135e+03
8.5540e+05 9.8856e+05 2.5197e+03
8.5547e+05 9.8856e+05 2.5304e+03
8.5553e+05 9.8856e+05 2.5583e+03
